Run 1:
Solution: [6, 21, 27, 12, 26, 17, 1, 28, 2, 7, 10, 14, 25, 20, 13, 19, 3, 22, 8, 4, 11, 17, 24, 5, 16, 18, 23, 15] with 2 clashes
Execution Time: 21.76533579826355 seconds

Run 2:
Solution: [14, 4, 17, 10, 12, 3, 1, 11, 25, 19, 21, 23, 28, 9, 15, 8, 5, 26, 6, 18, 7, 27, 22, 13, 2, 16, 20, 24] with 0 clashes
Execution Time: 18.100919485092163 seconds

Run 3:
Solution: [17, 9, 2, 12, 25, 18, 16, 4, 23, 3, 24, 13, 15, 5, 7, 10, 22, 28, 19, 1, 8, 26, 21, 27, 20, 11, 6, 14] with 0 clashes
Execution Time: 11.093837261199951 seconds

Run 4:
Solution: [10, 21, 4, 2, 25, 12, 14, 16, 22, 24, 5, 3, 15, 13, 18, 6, 27, 1, 7, 9, 17, 26, 28, 11, 20, 23, 19, 8] with 0 clashes
Execution Time: 15.953542470932007 seconds

Run 5:
Solution: [18, 1, 3, 14, 11, 24, 15, 12, 22, 17, 23, 5, 16, 28, 26, 7, 4, 10, 20, 6, 19, 27, 2, 8, 13, 9, 21, 25] with 0 clashes
Execution Time: 13.782030820846558 seconds

Run 6:
Solution: [15, 21, 19, 7, 9, 1, 22, 5, 16, 10, 24, 6, 18, 26, 11, 27, 2, 20, 28, 12, 3, 8, 13, 4, 23, 25, 14, 17] with 0 clashes
Execution Time: 17.890883207321167 seconds

Run 7:
Solution: [7, 23, 6, 12, 15, 20, 3, 9, 24, 21, 13, 16, 19, 27, 4, 28, 22, 5, 26, 10, 1, 14, 11, 18, 2, 17, 8, 25] with 1 clashes
Execution Time: 20.734226942062378 seconds

Run 8:
Solution: [11, 7, 10, 25, 20, 12, 4, 8, 26, 24, 15, 5, 2, 25, 17, 6, 13, 19, 28, 23, 3, 9, 21, 18, 16, 14, 1, 27] with 1 clashes
Execution Time: 19.63964867591858 seconds

Run 9:
Solution: [13, 20, 22, 7, 14, 23, 17, 10, 8, 25, 27, 18, 3, 9, 28, 24, 4, 19, 1, 16, 12, 6, 11, 21, 2, 15, 5, 26] with 0 clashes
Execution Time: 8.642925262451172 seconds

Run 10:
Solution: [13, 7, 16, 6, 19, 5, 14, 8, 26, 28, 9, 20, 2, 25, 21, 17, 27, 12, 23, 11, 24, 3, 18, 4, 22, 1, 10, 15] with 0 clashes
Execution Time: 12.089590311050415 seconds

Run 11:
Solution: [3, 13, 7, 14, 17, 21, 27, 9, 26, 4, 1, 20, 12, 19, 6, 8, 23, 5, 28, 18, 24, 22, 16, 2, 11, 15, 10, 25] with 0 clashes
Execution Time: 12.097179651260376 seconds

Run 12:
Solution: [17, 15, 6, 1, 17, 25, 16, 8, 10, 20, 18, 27, 5, 19, 23, 12, 28, 7, 2, 4, 14, 26, 11, 3, 24, 21, 13, 9] with 2 clashes
Execution Time: 21.11252522468567 seconds

Run 13:
Solution: [11, 28, 21, 9, 27, 17, 13, 6, 8, 19, 4, 7, 20, 14, 1, 24, 5, 3, 16, 23, 10, 12, 2, 18, 26, 22, 25, 15] with 2 clashes
Execution Time: 21.59218192100525 seconds

Run 14:
Solution: [15, 10, 12, 14, 6, 3, 22, 25, 11, 9, 2, 28, 19, 21, 26, 5, 7, 13, 18, 23, 4, 16, 27, 24, 17, 1, 20, 8] with 1 clashes
Execution Time: 20.876834392547607 seconds

Run 15:
Solution: [11, 13, 28, 4, 18, 14, 10, 26, 16, 1, 15, 6, 25, 7, 12, 3, 22, 27, 21, 9, 20, 8, 24, 19, 17, 2, 23, 5] with 0 clashes
Execution Time: 11.239916801452637 seconds

Run 16:
Solution: [13, 10, 26, 9, 14, 12, 23, 8, 22, 24, 7, 16, 4, 6, 18, 5, 27, 20, 28, 3, 11, 17, 2, 25, 1, 19, 21, 15] with 2 clashes
Execution Time: 19.794453382492065 seconds

Run 17:
Solution: [11, 23, 21, 15, 9, 4, 20, 10, 2, 27, 25, 28, 19, 1, 24, 17, 13, 3, 26, 12, 5, 22, 18, 14, 6, 8, 16, 7] with 1 clashes
Execution Time: 19.812261819839478 seconds

Run 18:
Solution: [24, 17, 23, 10, 18, 14, 28, 3, 7, 11, 27, 15, 20, 1, 25, 2, 26, 6, 12, 19, 13, 22, 5, 8, 16, 4, 21, 9] with 0 clashes
Execution Time: 8.708463191986084 seconds

Run 19:
Solution: [20, 16, 24, 8, 6, 26, 12, 1, 11, 18, 28, 14, 4, 10, 27, 22, 17, 13, 3, 23, 9, 7, 2, 21, 11, 15, 25, 5] with 2 clashes
Execution Time: 21.880834817886353 seconds

Run 20:
Solution: [17, 2, 20, 15, 7, 5, 27, 22, 18, 4, 24, 13, 28, 19, 6, 22, 1, 26, 9, 12, 3, 25, 16, 21, 11, 14, 10, 23] with 2 clashes
Execution Time: 21.900354146957397 seconds

Run 21:
Solution: [23, 19, 15, 5, 18, 6, 26, 7, 16, 24, 8, 2, 22, 3, 21, 10, 27, 13, 1, 25, 17, 20, 9, 4, 28, 11, 14, 12] with 0 clashes
Execution Time: 4.990846157073975 seconds

Run 22:
Solution: [15, 1, 21, 24, 6, 11, 20, 10, 26, 4, 19, 22, 28, 7, 27, 13, 2, 25, 3, 12, 16, 18, 23, 14, 8, 5, 9, 17] with 0 clashes
Execution Time: 19.90159249305725 seconds

Run 23:
Solution: [16, 24, 10, 8, 5, 12, 27, 22, 11, 9, 21, 15, 26, 23, 1, 6, 28, 13, 7, 4, 19, 3, 20, 25, 17, 2, 14, 24] with 2 clashes
Execution Time: 24.19903063774109 seconds

Run 24:
Solution: [1, 6, 20, 14, 17, 7, 23, 11, 28, 12, 18, 26, 3, 19, 13, 4, 10, 27, 25, 15, 5, 9, 2, 16, 22, 8, 21, 24] with 1 clashes
Execution Time: 21.85892081260681 seconds

Run 25:
Solution: [21, 5, 15, 17, 25, 22, 2, 18, 1, 28, 8, 20, 7, 19, 24, 27, 6, 16, 10, 26, 14, 23, 13, 3, 25, 4, 9, 12] with 4 clashes
Execution Time: 20.30411672592163 seconds

Run 26:
Solution: [1, 12, 23, 15, 6, 2, 16, 26, 21, 27, 17, 9, 4, 18, 5, 8, 24, 20, 14, 7, 10, 25, 28, 22, 19, 3, 13, 11] with 0 clashes
Execution Time: 5.106617450714111 seconds

Run 27:
Solution: [4, 27, 10, 16, 22, 19, 5, 3, 1, 25, 8, 6, 17, 2, 23, 21, 26, 14, 12, 20, 7, 28, 13, 9, 24, 15, 18, 11] with 0 clashes
Execution Time: 18.68025016784668 seconds

Run 28:
Solution: [22, 12, 16, 4, 24, 18, 9, 5, 1, 17, 10, 27, 19, 28, 23, 2, 8, 13, 3, 25, 15, 11, 26, 6, 21, 14, 20, 7] with 0 clashes
Execution Time: 13.030052900314331 seconds

Run 29:
Solution: [22, 19, 5, 11, 9, 20, 15, 1, 10, 28, 23, 4, 18, 3, 14, 12, 27, 2, 6, 26, 16, 25, 17, 21, 7, 24, 8, 13] with 0 clashes
Execution Time: 5.857921361923218 seconds

Run 30:
Solution: [13, 10, 23, 18, 20, 1, 4, 26, 15, 19, 12, 6, 2, 7, 25, 27, 3, 21, 9, 22, 17, 14, 28, 11, 8, 24, 5, 16] with 0 clashes
Execution Time: 8.682025909423828 seconds

Run 31:
Solution: [13, 11, 19, 1, 26, 10, 20, 7, 3, 28, 17, 14, 24, 21, 25, 4, 12, 16, 5, 23, 27, 22, 2, 15, 8, 6, 9, 18] with 1 clashes
Execution Time: 22.019593715667725 seconds

Run 32:
Solution: [4, 18, 22, 12, 17, 26, 5, 21, 14, 11, 25, 7, 2, 23, 15, 10, 27, 20, 16, 8, 3, 9, 19, 28, 24, 1, 6, 13] with 0 clashes
Execution Time: 15.723669052124023 seconds

Run 33:
Solution: [21, 12, 6, 23, 26, 14, 7, 17, 3, 1, 10, 27, 11, 16, 2, 20, 18, 24, 4, 25, 28, 15, 9, 19, 13, 22, 8, 5] with 2 clashes
Execution Time: 20.384850025177002 seconds

Run 34:
Solution: [14, 10, 22, 6, 23, 17, 24, 8, 2, 11, 15, 26, 1, 19, 5, 28, 13, 16, 3, 7, 27, 25, 18, 21, 4, 20, 12, 9] with 0 clashes
Execution Time: 17.293096780776978 seconds

Run 35:
Solution: [6, 10, 22, 24, 18, 21, 14, 9, 15, 3, 25, 8, 17, 26, 1, 19, 2, 27, 7, 11, 16, 12, 20, 23, 4, 13, 5, 28] with 0 clashes
Execution Time: 19.120316982269287 seconds

Run 36:
Solution: [18, 14, 16, 7, 25, 4, 21, 15, 28, 26, 1, 20, 5, 19, 2, 9, 23, 6, 10, 24, 22, 17, 12, 3, 27, 8, 11, 13] with 1 clashes
Execution Time: 20.729060173034668 seconds

Run 37:
Solution: [13, 24, 22, 27, 5, 16, 12, 15, 26, 11, 2, 6, 19, 3, 28, 18, 25, 10, 1, 7, 20, 17, 21, 9, 4, 14, 23, 8] with 0 clashes
Execution Time: 15.08703875541687 seconds

Run 38:
Solution: [19, 13, 6, 9, 28, 1, 24, 22, 16, 7, 10, 21, 14, 27, 4, 12, 23, 26, 3, 18, 2, 15, 8, 11, 25, 17, 5, 20] with 2 clashes
Execution Time: 22.7060546875 seconds

Run 39:
Solution: [15, 20, 24, 13, 27, 8, 19, 7, 1, 3, 9, 16, 23, 11, 26, 21, 2, 6, 14, 28, 22, 18, 12, 5, 25, 4, 17, 10] with 0 clashes
Execution Time: 11.332608461380005 seconds

Run 40:
Solution: [16, 20, 28, 3, 6, 9, 12, 15, 17, 18, 13, 1, 5, 27, 21, 26, 7, 14, 10, 24, 4, 8, 23, 19, 2, 11, 25, 22] with 2 clashes
Execution Time: 20.409489393234253 seconds

Run 41:
Solution: [20, 13, 17, 28, 7, 12, 16, 2, 24, 18, 6, 25, 3, 11, 27, 19, 10, 1, 5, 21, 8, 4, 22, 15, 9, 14, 23, 26] with 0 clashes
Execution Time: 13.353775024414062 seconds

Run 42:
Solution: [6, 19, 21, 25, 20, 16, 9, 3, 22, 2, 7, 24, 13, 18, 5, 17, 11, 1, 27, 23, 28, 8, 4, 15, 12, 14, 26, 10] with 0 clashes
Execution Time: 20.300586938858032 seconds

Run 43:
Solution: [14, 16, 13, 9, 23, 4, 27, 11, 17, 1, 20, 2, 7, 26, 15, 22, 24, 5, 18, 12, 6, 3, 25, 19, 8, 10, 28, 21] with 0 clashes
Execution Time: 7.784060716629028 seconds

Run 44:
Solution: [23, 8, 22, 7, 3, 16, 24, 19, 5, 11, 18, 6, 13, 28, 20, 1, 26, 2, 27, 12, 9, 15, 10, 4, 14, 21, 17, 25] with 0 clashes
Execution Time: 20.750014305114746 seconds

Run 45:
Solution: [15, 19, 7, 27, 13, 6, 17, 26, 10, 4, 16, 14, 25, 1, 21, 23, 5, 11, 9, 3, 12, 18, 2, 8, 28, 24, 22, 20] with 0 clashes
Execution Time: 16.634145498275757 seconds

Run 46:
Solution: [2, 20, 7, 19, 16, 1, 23, 27, 11, 2, 14, 3, 13, 17, 4, 22, 24, 6, 15, 28, 26, 5, 10, 21, 18, 25, 9, 12] with 2 clashes
Execution Time: 21.897459983825684 seconds

Run 47:
Solution: [12, 22, 9, 19, 27, 15, 21, 10, 1, 6, 14, 7, 2, 13, 5, 26, 18, 16, 24, 28, 3, 8, 23, 17, 4, 20, 11, 25] with 2 clashes
Execution Time: 21.54287576675415 seconds

Run 48:
Solution: [13, 8, 27, 3, 19, 15, 2, 21, 24, 10, 28, 23, 14, 17, 22, 26, 1, 5, 7, 25, 11, 18, 20, 4, 16, 12, 9, 6] with 0 clashes
Execution Time: 9.542813301086426 seconds

Run 49:
Solution: [23, 12, 15, 22, 28, 2, 8, 14, 18, 1, 6, 27, 21, 11, 20, 16, 5, 25, 4, 10, 7, 24, 26, 13, 17, 19, 9, 3] with 1 clashes
Execution Time: 21.369595527648926 seconds

Run 50:
Solution: [22, 5, 7, 21, 10, 6, 17, 20, 8, 24, 9, 27, 19, 16, 3, 25, 10, 26, 14, 2, 8, 13, 15, 18, 1, 11, 23, 12] with 2 clashes
Execution Time: 21.858461618423462 seconds

Run 51:
Solution: [17, 19, 26, 9, 6, 8, 18, 11, 28, 2, 21, 12, 27, 22, 1, 7, 24, 15, 25, 14, 5, 20, 4, 23, 10, 13, 16, 3] with 0 clashes
Execution Time: 7.498772621154785 seconds

Run 52:
Solution: [24, 12, 16, 11, 13, 4, 6, 28, 14, 21, 1, 8, 15, 26, 2, 25, 17, 19, 3, 23, 9, 5, 27, 18, 10, 7, 22, 20] with 0 clashes
Execution Time: 20.124893188476562 seconds

Run 53:
Solution: [24, 15, 8, 12, 21, 17, 2, 23, 6, 10, 3, 22, 11, 18, 27, 5, 26, 4, 20, 16, 28, 25, 14, 9, 13, 19, 1, 7] with 0 clashes
Execution Time: 10.036349773406982 seconds

Run 54:
Solution: [5, 20, 22, 3, 16, 14, 9, 23, 1, 8, 12, 25, 4, 24, 27, 11, 26, 18, 15, 10, 28, 19, 6, 2, 7, 13, 21, 17] with 0 clashes
Execution Time: 11.932152032852173 seconds

Run 55:
Solution: [15, 18, 10, 7, 24, 28, 1, 2, 14, 21, 13, 27, 26, 23, 4, 11, 5, 17, 9, 16, 22, 20, 3, 8, 25, 12, 6, 19] with 2 clashes
Execution Time: 22.58385729789734 seconds

Run 56:
Solution: [7, 11, 17, 23, 10, 3, 15, 6, 21, 25, 1, 4, 16, 27, 13, 26, 1, 5, 19, 24, 12, 18, 9, 2, 14, 8, 28, 22] with 2 clashes
Execution Time: 21.75208878517151 seconds

Run 57:
Solution: [18, 14, 11, 6, 28, 22, 17, 3, 8, 10, 1, 15, 27, 21, 19, 7, 26, 23, 13, 2, 5, 20, 16, 25, 4, 12, 24, 9] with 0 clashes
Execution Time: 18.369098663330078 seconds

Run 58:
Solution: [8, 17, 15, 20, 18, 1, 28, 14, 3, 4, 2, 13, 16, 7, 25, 12, 26, 23, 19, 22, 6, 10, 27, 21, 24, 5, 9, 11] with 1 clashes
Execution Time: 21.263654470443726 seconds

Run 59:
Solution: [8, 5, 9, 21, 23, 18, 15, 19, 28, 26, 4, 27, 10, 24, 3, 25, 2, 12, 14, 20, 11, 13, 6, 22, 1, 28, 7, 17] with 1 clashes
Execution Time: 20.75361132621765 seconds

Run 60:
Solution: [13, 19, 10, 20, 3, 12, 2, 26, 11, 15, 4, 25, 22, 24, 18, 7, 28, 1, 23, 9, 6, 21, 17, 8, 5, 27, 14, 16] with 0 clashes
Execution Time: 10.497987985610962 seconds

Run 61:
Solution: [28, 19, 7, 2, 11, 21, 16, 20, 17, 1, 22, 8, 10, 27, 15, 3, 18, 25, 5, 14, 4, 24, 26, 23, 13, 6, 12, 9] with 1 clashes
Execution Time: 22.367827892303467 seconds

Run 62:
Solution: [16, 20, 28, 7, 9, 11, 6, 15, 26, 19, 23, 25, 2, 5, 12, 8, 3, 24, 17, 1, 22, 18, 10, 14, 27, 4, 21, 13] with 1 clashes
Execution Time: 21.557657718658447 seconds

Run 63:
Solution: [15, 25, 8, 11, 21, 1, 27, 17, 19, 12, 3, 23, 6, 18, 2, 4, 13, 24, 5, 28, 22, 7, 20, 14, 16, 10, 26, 9] with 1 clashes
Execution Time: 22.34611463546753 seconds

Run 64:
Solution: [9, 17, 6, 10, 7, 28, 23, 27, 16, 21, 5, 12, 26, 19, 8, 11, 1, 4, 2, 24, 20, 14, 3, 25, 13, 22, 18, 15] with 0 clashes
Execution Time: 10.48975157737732 seconds

Run 65:
Solution: [20, 5, 7, 18, 27, 23, 13, 15, 21, 26, 16, 25, 2, 12, 1, 3, 14, 6, 9, 28, 4, 22, 17, 19, 10, 8, 11, 24] with 0 clashes
Execution Time: 6.881586074829102 seconds

Run 66:
Solution: [14, 10, 8, 19, 9, 16, 25, 28, 4, 24, 17, 21, 6, 12, 26, 2, 7, 3, 11, 20, 18, 13, 22, 5, 27, 1, 23, 15] with 0 clashes
Execution Time: 11.000247478485107 seconds

Run 67:
Solution: [21, 16, 28, 4, 8, 14, 5, 3, 20, 23, 17, 27, 12, 26, 2, 7, 10, 25, 15, 22, 9, 19, 24, 13, 1, 6, 11, 18] with 0 clashes
Execution Time: 20.76625084877014 seconds

Run 68:
Solution: [14, 11, 16, 12, 25, 17, 5, 27, 2, 14, 18, 15, 9, 28, 3, 1, 19, 23, 6, 26, 13, 22, 24, 8, 20, 7, 4, 10] with 2 clashes
Execution Time: 19.87967038154602 seconds

Run 69:
Solution: [3, 14, 24, 7, 3, 15, 17, 23, 26, 16, 4, 25, 12, 9, 2, 18, 28, 1, 10, 8, 21, 19, 13, 20, 6, 27, 5, 22] with 3 clashes
Execution Time: 22.567218780517578 seconds

Run 70:
Solution: [21, 13, 28, 23, 11, 7, 17, 6, 9, 19, 26, 14, 8, 22, 4, 1, 24, 5, 15, 10, 12, 16, 2, 27, 3, 18, 20, 25] with 0 clashes
Execution Time: 10.93873906135559 seconds

Run 71:
Solution: [24, 7, 3, 22, 18, 9, 28, 10, 20, 7, 27, 2, 14, 5, 8, 25, 23, 12, 15, 4, 1, 26, 21, 19, 11, 13, 6, 17] with 2 clashes
Execution Time: 21.340720415115356 seconds

Run 72:
Solution: [23, 26, 14, 7, 11, 20, 22, 4, 21, 12, 8, 1, 5, 19, 25, 18, 15, 2, 6, 3, 10, 13, 27, 17, 24, 16, 28, 9] with 2 clashes
Execution Time: 20.182162046432495 seconds

Run 73:
Solution: [7, 14, 10, 20, 26, 19, 21, 25, 17, 11, 9, 2, 23, 5, 3, 1, 13, 4, 16, 12, 24, 15, 6, 18, 27, 8, 22, 28] with 0 clashes
Execution Time: 6.8741068840026855 seconds

Run 74:
Solution: [22, 19, 26, 9, 27, 1, 4, 20, 8, 12, 5, 18, 14, 23, 3, 24, 21, 28, 15, 6, 10, 2, 16, 11, 25, 7, 17, 13] with 0 clashes
Execution Time: 13.394415140151978 seconds

Run 75:
Solution: [11, 14, 6, 21, 10, 26, 13, 16, 18, 9, 22, 28, 4, 7, 3, 20, 27, 25, 19, 15, 1, 8, 24, 2, 23, 5, 12, 17] with 1 clashes
Execution Time: 20.579559803009033 seconds

Run 76:
Solution: [13, 17, 24, 20, 11, 14, 2, 7, 9, 21, 28, 16, 4, 12, 22, 26, 5, 3, 6, 25, 23, 19, 15, 27, 18, 10, 8, 1] with 0 clashes
Execution Time: 12.369792222976685 seconds

Run 77:
Solution: [18, 23, 7, 24, 11, 1, 5, 9, 21, 19, 13, 27, 2, 22, 12, 4, 28, 8, 3, 20, 26, 16, 14, 17, 10, 25, 6, 15] with 0 clashes
Execution Time: 12.034184455871582 seconds

Run 78:
Solution: [16, 28, 15, 8, 19, 2, 18, 26, 4, 23, 3, 10, 7, 14, 20, 13, 6, 21, 25, 22, 11, 5, 24, 17, 1, 12, 9, 27] with 0 clashes
Execution Time: 19.006353616714478 seconds

Run 79:
Solution: [14, 8, 19, 16, 6, 23, 7, 26, 28, 18, 2, 9, 5, 21, 25, 10, 22, 1, 17, 13, 11, 24, 4, 27, 20, 12, 3, 15] with 0 clashes
Execution Time: 10.409214496612549 seconds

Run 80:
Solution: [26, 10, 1, 21, 24, 9, 19, 2, 15, 20, 7, 16, 22, 28, 5, 3, 6, 4, 12, 17, 23, 14, 18, 8, 13, 25, 27, 11] with 0 clashes
Execution Time: 17.95324158668518 seconds

Run 81:
Solution: [11, 15, 12, 9, 22, 24, 18, 3, 28, 26, 8, 27, 5, 10, 19, 4, 25, 17, 2, 6, 1, 23, 21, 14, 7, 20, 16, 13] with 0 clashes
Execution Time: 18.828726053237915 seconds

Run 82:
Solution: [19, 15, 4, 28, 1, 12, 18, 25, 6, 13, 16, 22, 11, 7, 27, 3, 26, 20, 9, 2, 10, 17, 23, 5, 24, 14, 21, 8] with 0 clashes
Execution Time: 16.803502798080444 seconds

Run 83:
Solution: [12, 20, 18, 3, 14, 6, 10, 2, 26, 23, 7, 4, 27, 24, 16, 7, 25, 11, 5, 8, 28, 17, 21, 13, 22, 1, 9, 15] with 1 clashes
Execution Time: 20.653944730758667 seconds

Run 84:
Solution: [2, 23, 20, 11, 16, 21, 4, 6, 25, 10, 7, 24, 27, 18, 1, 19, 26, 28, 3, 8, 12, 9, 15, 5, 14, 22, 17, 13] with 1 clashes
Execution Time: 20.155105113983154 seconds

Run 85:
Solution: [16, 13, 8, 14, 2, 26, 9, 21, 28, 11, 27, 19, 1, 22, 4, 7, 17, 10, 23, 6, 24, 3, 18, 20, 5, 25, 12, 15] with 0 clashes
Execution Time: 18.576170921325684 seconds

Run 86:
Solution: [6, 22, 5, 11, 4, 16, 7, 27, 21, 24, 17, 28, 8, 15, 19, 9, 26, 1, 13, 18, 10, 25, 3, 20, 2, 23, 12, 14] with 1 clashes
Execution Time: 20.02851390838623 seconds

Run 87:
Solution: [20, 15, 3, 1, 25, 5, 13, 18, 10, 12, 7, 26, 28, 21, 8, 24, 22, 6, 9, 14, 16, 11, 2, 27, 23, 17, 19, 4] with 0 clashes
Execution Time: 13.575489521026611 seconds

Run 88:
Solution: [17, 22, 12, 19, 28, 8, 14, 9, 1, 6, 24, 10, 7, 18, 21, 27, 25, 11, 22, 5, 16, 2, 23, 15, 13, 4, 26, 3] with 2 clashes
Execution Time: 20.022480487823486 seconds

Run 89:
Solution: [8, 20, 7, 16, 19, 11, 18, 3, 22, 27, 4, 6, 14, 2, 17, 25, 23, 10, 15, 28, 21, 1, 13, 5, 24, 9, 12, 26] with 0 clashes
Execution Time: 16.54942750930786 seconds

Run 90:
Solution: [20, 10, 15, 22, 11, 5, 24, 1, 12, 7, 26, 8, 2, 13, 17, 27, 18, 6, 4, 25, 28, 3, 23, 16, 19, 21, 9, 14] with 2 clashes
Execution Time: 21.04627752304077 seconds

Run 91:
Solution: [22, 14, 17, 26, 6, 16, 11, 19, 28, 7, 1, 3, 13, 20, 18, 9, 25, 23, 2, 4, 8, 24, 15, 12, 10, 21, 5, 27] with 0 clashes
Execution Time: 5.489816427230835 seconds

Run 92:
Solution: [4, 19, 10, 13, 27, 12, 22, 6, 17, 20, 1, 11, 25, 2, 28, 3, 14, 23, 21, 5, 16, 26, 24, 15, 8, 18, 9, 7] with 0 clashes
Execution Time: 11.336258888244629 seconds

Run 93:
Solution: [18, 4, 13, 27, 23, 21, 6, 1, 15, 8, 7, 24, 22, 19, 26, 16, 3, 12, 10, 5, 25, 17, 20, 2, 28, 14, 11, 9] with 1 clashes
Execution Time: 20.76405143737793 seconds

Run 94:
Solution: [18, 24, 28, 3, 12, 8, 1, 21, 9, 15, 4, 10, 17, 20, 5, 27, 25, 6, 14, 7, 2, 23, 26, 13, 16, 22, 19, 11] with 0 clashes
Execution Time: 13.857769012451172 seconds

Run 95:
Solution: [17, 21, 3, 12, 6, 13, 18, 5, 22, 16, 10, 8, 25, 19, 24, 1, 27, 4, 23, 15, 11, 2, 7, 26, 28, 14, 20, 9] with 0 clashes
Execution Time: 7.924696922302246 seconds

Run 96:
Solution: [22, 18, 2, 8, 10, 24, 17, 14, 9, 19, 6, 1, 26, 12, 23, 28, 4, 25, 21, 13, 15, 3, 11, 7, 16, 27, 5, 20] with 0 clashes
Execution Time: 17.081997632980347 seconds

Run 97:
Solution: [2, 15, 19, 25, 9, 18, 14, 23, 4, 16, 5, 26, 24, 7, 20, 3, 17, 10, 22, 28, 11, 8, 21, 12, 14, 1, 6, 27] with 2 clashes
Execution Time: 21.174363136291504 seconds

Run 98:
Solution: [15, 23, 25, 20, 9, 17, 5, 11, 27, 12, 2, 18, 21, 1, 28, 26, 22, 3, 13, 6, 16, 19, 24, 7, 4, 14, 8, 10] with 0 clashes
Execution Time: 17.09100842475891 seconds

Run 99:
Solution: [11, 17, 12, 1, 24, 2, 23, 13, 9, 28, 6, 25, 14, 20, 27, 8, 19, 26, 3, 5, 10, 21, 16, 4, 15, 7, 18, 22] with 0 clashes
Execution Time: 12.48025393486023 seconds

Run 100:
Solution: [12, 28, 16, 27, 9, 15, 13, 26, 17, 7, 25, 3, 20, 4, 1, 8, 6, 21, 18, 22, 14, 10, 2, 5, 19, 24, 11, 23] with 0 clashes
Execution Time: 16.31417751312256 seconds

