Run 1:
Solution: [21, 14, 26, 19, 5, 7, 10, 4, 16, 8, 30, 18, 13, 24, 32, 27, 31, 3, 23, 17, 29, 9, 11, 15, 20, 28, 1, 5, 22, 6, 25, 12] with 2 clashes
Execution Time: 26.364700317382812 seconds

Run 2:
Solution: [24, 13, 9, 4, 30, 10, 21, 15, 17, 19, 27, 6, 26, 22, 5, 8, 32, 1, 12, 2, 20, 11, 7, 3, 23, 31, 29, 16, 14, 25, 28, 18] with 1 clashes
Execution Time: 24.17120385169983 seconds

Run 3:
Solution: [25, 9, 15, 6, 20, 31, 7, 12, 14, 23, 28, 10, 16, 30, 26, 17, 4, 24, 5, 8, 29, 32, 13, 21, 18, 1, 11, 19, 2, 22, 3, 27] with 1 clashes
Execution Time: 24.601094007492065 seconds

Run 4:
Solution: [19, 25, 4, 10, 29, 31, 22, 8, 21, 5, 15, 9, 32, 27, 20, 1, 7, 28, 3, 31, 2, 16, 30, 12, 18, 13, 23, 26, 11, 6, 17, 24] with 2 clashes
Execution Time: 24.82212257385254 seconds

Run 5:
Solution: [23, 5, 12, 16, 1, 20, 9, 6, 26, 7, 31, 17, 21, 8, 30, 11, 27, 18, 32, 5, 25, 28, 2, 4, 13, 15, 10, 3, 19, 22, 24, 14] with 3 clashes
Execution Time: 24.848833560943604 seconds

Run 6:
Solution: [25, 12, 29, 24, 7, 27, 3, 9, 2, 14, 19, 15, 22, 26, 29, 32, 6, 13, 18, 31, 21, 10, 20, 30, 16, 8, 11, 1, 23, 28, 17, 4] with 3 clashes
Execution Time: 25.21186637878418 seconds

Run 7:
Solution: [29, 22, 13, 28, 5, 17, 1, 11, 4, 24, 9, 2, 18, 32, 3, 23, 25, 31, 10, 6, 30, 19, 12, 20, 27, 7, 26, 8, 21, 15, 14, 16] with 1 clashes
Execution Time: 24.99644160270691 seconds

Run 8:
Solution: [13, 2, 12, 32, 8, 21, 26, 3, 7, 27, 17, 11, 6, 32, 16, 4, 22, 25, 15, 5, 23, 2, 31, 28, 1, 9, 18, 14, 19, 20, 10, 24] with 3 clashes
Execution Time: 25.1678524017334 seconds

Run 9:
Solution: [20, 28, 2, 11, 21, 31, 22, 19, 27, 8, 5, 7, 1, 3, 17, 9, 18, 23, 29, 26, 12, 30, 32, 10, 25, 16, 24, 15, 4, 6, 27, 13] with 3 clashes
Execution Time: 28.85080862045288 seconds

Run 10:
Solution: [28, 13, 10, 16, 19, 1, 12, 32, 30, 25, 7, 15, 4, 31, 17, 9, 5, 22, 18, 26, 29, 11, 32, 2, 8, 23, 3, 20, 27, 14, 21, 6] with 3 clashes
Execution Time: 25.921327590942383 seconds

Run 11:
Solution: [19, 22, 11, 7, 16, 8, 21, 2, 18, 9, 6, 28, 3, 15, 27, 31, 24, 26, 11, 13, 25, 32, 14, 1, 30, 5, 23, 17, 29, 4, 12, 20] with 3 clashes
Execution Time: 25.749544620513916 seconds

Run 12:
Solution: [17, 7, 30, 15, 26, 14, 27, 18, 2, 11, 16, 3, 9, 31, 13, 1, 32, 5, 25, 4, 20, 8, 12, 24, 28, 21, 29, 10, 23, 6, 19, 22] with 1 clashes
Execution Time: 32.41327095031738 seconds

Run 13:
Solution: [21, 17, 11, 20, 4, 25, 19, 8, 2, 7, 9, 18, 26, 15, 32, 5, 31, 23, 6, 30, 28, 16, 13, 3, 10, 29, 1, 12, 24, 22, 27, 14] with 0 clashes
Execution Time: 16.19260334968567 seconds

Run 14:
Solution: [6, 18, 15, 2, 25, 30, 22, 14, 19, 27, 13, 11, 1, 5, 28, 24, 9, 7, 20, 31, 17, 26, 23, 8, 10, 29, 32, 3, 16, 4, 21, 12] with 1 clashes
Execution Time: 27.219989776611328 seconds

Run 15:
Solution: [10, 23, 13, 32, 22, 20, 15, 6, 12, 25, 8, 16, 30, 27, 3, 21, 28, 14, 5, 26, 4, 29, 7, 9, 24, 18, 11, 1, 19, 17, 31, 2] with 3 clashes
Execution Time: 27.22452211380005 seconds

Run 16:
Solution: [19, 5, 26, 23, 13, 20, 8, 25, 31, 21, 3, 7, 15, 12, 27, 1, 22, 4, 32, 10, 17, 2, 30, 24, 29, 20, 14, 9, 18, 6, 28, 11] with 2 clashes
Execution Time: 25.95598006248474 seconds

Run 17:
Solution: [30, 7, 4, 20, 31, 22, 19, 3, 18, 10, 5, 26, 32, 16, 25, 9, 6, 1, 27, 23, 13, 29, 21, 15, 24, 11, 8, 14, 12, 2, 28, 22] with 3 clashes
Execution Time: 26.613605260849 seconds

Run 18:
Solution: [22, 29, 6, 4, 28, 26, 17, 21, 13, 1, 19, 9, 5, 3, 30, 27, 11, 16, 31, 7, 14, 18, 25, 2, 24, 32, 10, 23, 15, 12, 8, 20] with 0 clashes
Execution Time: 19.10252356529236 seconds

Run 19:
Solution: [19, 32, 3, 22, 31, 13, 21, 9, 18, 23, 5, 2, 28, 10, 6, 14, 1, 7, 30, 12, 26, 17, 25, 27, 29, 11, 4, 15, 16, 8, 24, 20] with 2 clashes
Execution Time: 26.160855770111084 seconds

Run 20:
Solution: [31, 9, 27, 14, 19, 21, 12, 24, 1, 23, 4, 29, 7, 22, 13, 28, 8, 17, 20, 3, 30, 26, 11, 2, 31, 5, 16, 10, 32, 25, 6, 18] with 2 clashes
Execution Time: 25.162323713302612 seconds

Run 21:
Solution: [11, 21, 15, 18, 27, 24, 1, 19, 4, 30, 20, 5, 28, 21, 6, 12, 3, 25, 17, 22, 2, 7, 29, 13, 8, 31, 26, 10, 32, 9, 23, 16] with 3 clashes
Execution Time: 25.057798862457275 seconds

Run 22:
Solution: [20, 28, 17, 30, 7, 4, 18, 28, 14, 5, 21, 2, 9, 27, 32, 10, 16, 1, 8, 24, 13, 15, 23, 26, 3, 29, 12, 25, 6, 31, 11, 19] with 4 clashes
Execution Time: 25.08668041229248 seconds

Run 23:
Solution: [20, 16, 25, 4, 15, 5, 24, 26, 29, 13, 22, 3, 1, 30, 17, 31, 10, 7, 11, 32, 28, 2, 19, 21, 23, 27, 8, 12, 14, 9, 6, 18] with 0 clashes
Execution Time: 17.60120916366577 seconds

Run 24:
Solution: [26, 21, 15, 11, 1, 26, 13, 32, 30, 20, 5, 14, 4, 28, 16, 6, 10, 23, 27, 24, 8, 2, 12, 19, 22, 25, 9, 31, 29, 18, 3, 17] with 2 clashes
Execution Time: 24.914352893829346 seconds

Run 25:
Solution: [7, 22, 17, 12, 28, 25, 11, 18, 8, 9, 29, 10, 6, 27, 20, 32, 15, 5, 19, 16, 9, 3, 30, 13, 2, 21, 24, 1, 31, 14, 23, 26] with 4 clashes
Execution Time: 25.094921827316284 seconds

Run 26:
Solution: [9, 18, 6, 22, 11, 27, 12, 30, 23, 17, 7, 3, 1, 8, 21, 26, 14, 29, 32, 4, 25, 31, 16, 5, 20, 2, 28, 15, 19, 10, 13, 24] with 1 clashes
Execution Time: 25.0987389087677 seconds

Run 27:
Solution: [11, 14, 6, 19, 16, 26, 29, 12, 5, 17, 4, 31, 28, 15, 23, 3, 9, 32, 25, 20, 7, 13, 2, 22, 6, 27, 10, 30, 18, 24, 8, 1] with 3 clashes
Execution Time: 24.692919731140137 seconds

Run 28:
Solution: [26, 24, 16, 27, 23, 15, 8, 2, 5, 7, 28, 4, 11, 9, 29, 18, 20, 25, 3, 31, 21, 10, 13, 17, 30, 12, 6, 32, 1, 19, 22, 14] with 0 clashes
Execution Time: 25.37779927253723 seconds

Run 29:
Solution: [12, 3, 13, 6, 27, 9, 15, 26, 5, 25, 17, 28, 11, 31, 4, 21, 29, 18, 10, 24, 30, 19, 2, 7, 32, 1, 22, 14, 23, 20, 8, 16] with 0 clashes
Execution Time: 16.143832683563232 seconds

Run 30:
Solution: [11, 25, 18, 21, 23, 9, 29, 6, 2, 22, 8, 31, 5, 20, 14, 12, 30, 26, 4, 10, 3, 13, 17, 24, 27, 15, 28, 32, 16, 1, 19, 7] with 1 clashes
Execution Time: 25.42592215538025 seconds

Run 31:
Solution: [21, 6, 4, 10, 18, 23, 12, 24, 19, 29, 2, 30, 25, 13, 5, 31, 14, 32, 11, 1, 16, 27, 3, 17, 8, 26, 9, 7, 15, 28, 20, 22] with 2 clashes
Execution Time: 24.894946575164795 seconds

Run 32:
Solution: [13, 4, 8, 25, 2, 16, 31, 22, 26, 14, 7, 15, 29, 12, 28, 3, 6, 18, 20, 5, 30, 10, 23, 32, 17, 19, 21, 27, 24, 11, 9, 1] with 2 clashes
Execution Time: 29.150676012039185 seconds

Run 33:
Solution: [17, 14, 31, 15, 5, 11, 13, 28, 30, 4, 18, 25, 9, 1, 29, 26, 8, 10, 16, 6, 19, 23, 32, 27, 2, 22, 12, 21, 24, 3, 7, 20] with 2 clashes
Execution Time: 25.47464156150818 seconds

Run 34:
Solution: [3, 7, 27, 17, 22, 25, 15, 8, 5, 20, 12, 26, 2, 4, 31, 28, 9, 24, 23, 19, 14, 6, 32, 10, 16, 21, 30, 1, 11, 18, 29, 13] with 2 clashes
Execution Time: 25.436249256134033 seconds

Run 35:
Solution: [24, 15, 9, 19, 30, 5, 8, 11, 27, 17, 3, 22, 13, 26, 1, 30, 4, 20, 14, 29, 32, 7, 6, 21, 18, 16, 23, 2, 10, 28, 25, 12] with 2 clashes
Execution Time: 25.357144594192505 seconds

Run 36:
Solution: [18, 8, 29, 26, 23, 6, 10, 28, 2, 19, 9, 11, 21, 27, 25, 8, 4, 13, 7, 31, 22, 16, 30, 3, 14, 32, 17, 24, 20, 12, 15, 5] with 2 clashes
Execution Time: 25.654297351837158 seconds

Run 37:
Solution: [7, 18, 1, 22, 30, 15, 21, 31, 28, 6, 32, 11, 20, 5, 10, 2, 17, 29, 12, 25, 3, 24, 6, 14, 19, 27, 16, 8, 13, 26, 23, 9] with 3 clashes
Execution Time: 25.69100856781006 seconds

Run 38:
Solution: [23, 4, 20, 3, 6, 27, 11, 2, 22, 17, 31, 7, 32, 12, 24, 13, 8, 26, 29, 16, 9, 25, 15, 30, 18, 1, 10, 28, 5, 19, 21, 14] with 1 clashes
Execution Time: 25.56499719619751 seconds

Run 39:
Solution: [24, 32, 29, 15, 17, 1, 11, 5, 31, 6, 28, 18, 8, 3, 20, 26, 9, 25, 19, 13, 7, 12, 22, 32, 2, 27, 14, 30, 23, 21, 16, 4] with 3 clashes
Execution Time: 25.457342863082886 seconds

Run 40:
Solution: [19, 5, 7, 17, 29, 23, 9, 22, 31, 21, 11, 13, 1, 10, 27, 3, 24, 28, 4, 25, 30, 16, 20, 32, 14, 18, 8, 26, 12, 6, 2, 15] with 2 clashes
Execution Time: 25.45827078819275 seconds

Run 41:
Solution: [10, 32, 2, 31, 20, 18, 21, 15, 12, 4, 27, 17, 19, 5, 3, 29, 9, 28, 30, 22, 6, 8, 24, 7, 23, 13, 16, 25, 11, 14, 26, 1] with 0 clashes
Execution Time: 20.29649305343628 seconds

Run 42:
Solution: [11, 25, 32, 10, 10, 26, 16, 12, 9, 18, 29, 13, 3, 28, 6, 14, 2, 30, 5, 21, 23, 15, 22, 19, 1, 8, 4, 31, 7, 17, 27, 24] with 2 clashes
Execution Time: 25.404176712036133 seconds

Run 43:
Solution: [18, 15, 6, 3, 21, 25, 11, 28, 7, 10, 29, 22, 1, 16, 8, 12, 4, 26, 31, 2, 32, 23, 14, 19, 30, 20, 5, 13, 9, 27, 17, 24] with 0 clashes
Execution Time: 22.229247331619263 seconds

Run 44:
Solution: [9, 16, 2, 20, 10, 19, 24, 14, 21, 17, 26, 4, 6, 18, 32, 27, 3, 28, 15, 1, 23, 13, 5, 12, 8, 29, 11, 22, 30, 25, 31, 7] with 2 clashes
Execution Time: 25.34084391593933 seconds

Run 45:
Solution: [4, 20, 25, 9, 6, 14, 19, 15, 26, 30, 22, 18, 1, 28, 31, 11, 32, 3, 5, 21, 10, 12, 16, 24, 7, 17, 2, 8, 23, 27, 29, 13] with 1 clashes
Execution Time: 25.53522038459778 seconds

Run 46:
Solution: [10, 15, 26, 3, 25, 18, 9, 5, 14, 11, 22, 8, 1, 24, 31, 2, 32, 21, 23, 27, 29, 13, 4, 30, 7, 19, 17, 28, 12, 6, 20, 16] with 0 clashes
Execution Time: 23.128426551818848 seconds

Run 47:
Solution: [9, 2, 24, 28, 8, 16, 21, 26, 20, 6, 27, 29, 5, 1, 10, 4, 30, 22, 25, 17, 15, 31, 12, 7, 14, 19, 26, 18, 13, 3, 32, 11] with 3 clashes
Execution Time: 25.527082681655884 seconds

Run 48:
Solution: [20, 12, 28, 22, 10, 3, 16, 2, 9, 25, 30, 4, 27, 5, 18, 14, 19, 7, 32, 26, 11, 17, 6, 23, 29, 8, 1, 21, 15, 31, 24, 13] with 2 clashes
Execution Time: 25.308571815490723 seconds

Run 49:
Solution: [23, 15, 26, 7, 20, 6, 24, 13, 30, 16, 29, 10, 17, 9, 4, 19, 1, 32, 27, 31, 7, 14, 25, 18, 22, 11, 28, 21, 3, 8, 2, 12] with 2 clashes
Execution Time: 25.133519887924194 seconds

Run 50:
Solution: [24, 12, 28, 22, 3, 21, 31, 28, 1, 6, 17, 19, 29, 18, 4, 27, 7, 11, 20, 15, 2, 30, 10, 26, 5, 25, 32, 13, 8, 16, 14, 23] with 2 clashes
Execution Time: 25.166626691818237 seconds

Run 51:
Solution: [23, 20, 15, 27, 12, 29, 9, 13, 18, 2, 17, 22, 28, 1, 4, 10, 3, 32, 30, 5, 25, 21, 14, 6, 19, 16, 11, 24, 7, 31, 26, 8] with 2 clashes
Execution Time: 25.483083486557007 seconds

Run 52:
Solution: [26, 18, 23, 13, 16, 10, 22, 3, 14, 4, 11, 1, 30, 24, 27, 2, 15, 31, 9, 17, 20, 25, 29, 32, 7, 28, 6, 12, 21, 5, 8, 19] with 1 clashes
Execution Time: 25.286364316940308 seconds

Run 53:
Solution: [30, 22, 25, 32, 7, 10, 2, 21, 8, 16, 26, 15, 20, 5, 1, 6, 29, 14, 13, 3, 9, 19, 31, 11, 23, 27, 24, 28, 18, 4, 12, 17] with 3 clashes
Execution Time: 25.445502519607544 seconds

Run 54:
Solution: [15, 26, 22, 26, 3, 21, 20, 29, 13, 2, 8, 5, 16, 9, 27, 12, 19, 17, 25, 30, 10, 4, 28, 24, 32, 14, 18, 6, 23, 31, 1, 11] with 3 clashes
Execution Time: 25.28389286994934 seconds

Run 55:
Solution: [17, 24, 29, 19, 16, 13, 27, 8, 32, 28, 9, 18, 23, 15, 10, 6, 25, 30, 7, 11, 3, 21, 4, 26, 22, 20, 12, 31, 1, 14, 2, 5] with 2 clashes
Execution Time: 25.39975070953369 seconds

Run 56:
Solution: [20, 26, 23, 11, 22, 14, 1, 2, 30, 8, 12, 21, 28, 16, 7, 19, 31, 29, 24, 17, 4, 32, 27, 5, 13, 6, 9, 3, 15, 25, 18, 10] with 1 clashes
Execution Time: 25.746376276016235 seconds

Run 57:
Solution: [4, 12, 23, 21, 13, 29, 16, 19, 15, 3, 10, 31, 27, 30, 7, 1, 32, 2, 17, 25, 11, 8, 6, 28, 22, 5, 14, 9, 24, 18, 20, 26] with 0 clashes
Execution Time: 20.214696168899536 seconds

Run 58:
Solution: [21, 16, 6, 31, 18, 4, 9, 7, 25, 29, 17, 8, 24, 32, 15, 28, 2, 27, 13, 1, 26, 5, 10, 14, 11, 3, 22, 20, 30, 12, 19, 23] with 0 clashes
Execution Time: 18.857728481292725 seconds

Run 59:
Solution: [24, 18, 11, 2, 27, 16, 10, 26, 30, 14, 12, 7, 22, 31, 3, 6, 9, 32, 21, 1, 20, 29, 5, 13, 19, 23, 4, 8, 25, 28, 17, 15] with 2 clashes
Execution Time: 25.54628825187683 seconds

Run 60:
Solution: [18, 29, 15, 20, 4, 25, 30, 19, 14, 16, 29, 12, 23, 2, 17, 5, 3, 11, 6, 10, 1, 13, 32, 22, 28, 7, 31, 24, 21, 8, 26, 9] with 3 clashes
Execution Time: 25.47244167327881 seconds

Run 61:
Solution: [21, 17, 27, 30, 16, 1, 19, 25, 3, 15, 24, 8, 23, 32, 12, 2, 6, 22, 9, 29, 20, 10, 14, 5, 28, 18, 4, 26, 13, 31, 7, 11] with 0 clashes
Execution Time: 24.09628391265869 seconds

Run 62:
Solution: [16, 25, 13, 20, 2, 14, 1, 29, 5, 9, 23, 10, 17, 7, 28, 30, 19, 24, 6, 21, 11, 27, 15, 4, 8, 3, 12, 31, 11, 18, 22, 32] with 1 clashes
Execution Time: 25.36116123199463 seconds

Run 63:
Solution: [8, 5, 20, 14, 25, 18, 6, 31, 13, 11, 29, 23, 15, 27, 30, 9, 2, 26, 28, 17, 4, 12, 19, 3, 7, 10, 16, 24, 21, 1, 22, 32] with 2 clashes
Execution Time: 25.491745471954346 seconds

Run 64:
Solution: [5, 12, 28, 13, 7, 30, 21, 14, 4, 17, 24, 31, 2, 16, 3, 32, 7, 11, 6, 20, 18, 27, 22, 9, 1, 29, 23, 19, 15, 8, 10, 26] with 2 clashes
Execution Time: 25.5338032245636 seconds

Run 65:
Solution: [20, 3, 32, 28, 7, 17, 15, 23, 29, 27, 2, 6, 12, 19, 11, 26, 30, 22, 31, 10, 8, 5, 1, 21, 14, 18, 9, 13, 25, 4, 24, 16] with 1 clashes
Execution Time: 25.598682641983032 seconds

Run 66:
Solution: [16, 12, 4, 21, 24, 15, 20, 31, 6, 22, 5, 26, 9, 13, 18, 32, 7, 1, 27, 20, 2, 29, 3, 11, 17, 8, 25, 28, 14, 19, 10, 23] with 3 clashes
Execution Time: 25.474167346954346 seconds

Run 67:
Solution: [18, 14, 21, 23, 8, 12, 32, 2, 31, 1, 11, 13, 26, 16, 29, 5, 24, 17, 30, 28, 9, 4, 19, 10, 22, 7, 25, 3, 6, 20, 15, 27] with 3 clashes
Execution Time: 25.349276781082153 seconds

Run 68:
Solution: [16, 18, 30, 12, 17, 23, 4, 31, 3, 13, 2, 19, 15, 1, 11, 22, 1, 27, 29, 21, 6, 14, 9, 28, 25, 8, 32, 7, 24, 10, 20, 5] with 1 clashes
Execution Time: 25.278316974639893 seconds

Run 69:
Solution: [30, 11, 18, 3, 1, 26, 8, 29, 21, 23, 15, 6, 27, 9, 32, 22, 10, 7, 17, 31, 2, 12, 25, 4, 28, 24, 19, 14, 16, 5, 13, 20] with 2 clashes
Execution Time: 25.18898367881775 seconds

Run 70:
Solution: [28, 11, 8, 26, 18, 4, 30, 9, 19, 21, 14, 6, 12, 32, 1, 5, 23, 17, 15, 3, 29, 10, 16, 2, 27, 7, 24, 20, 13, 25, 31, 22] with 3 clashes
Execution Time: 25.59856081008911 seconds

Run 71:
Solution: [5, 14, 17, 24, 12, 29, 31, 2, 25, 11, 30, 21, 16, 1, 28, 15, 13, 8, 14, 4, 6, 20, 23, 26, 22, 18, 32, 9, 3, 10, 19, 7] with 3 clashes
Execution Time: 25.22703790664673 seconds

Run 72:
Solution: [23, 8, 17, 14, 29, 22, 7, 5, 2, 11, 15, 27, 20, 27, 32, 3, 12, 9, 4, 28, 1, 18, 21, 26, 6, 31, 16, 10, 13, 24, 30, 24] with 2 clashes
Execution Time: 25.248369455337524 seconds

Run 73:
Solution: [1, 11, 25, 12, 21, 27, 22, 4, 8, 14, 24, 31, 5, 17, 10, 18, 3, 28, 13, 32, 2, 23, 30, 6, 16, 1, 15, 26, 29, 7, 9, 19] with 2 clashes
Execution Time: 25.484037160873413 seconds

Run 74:
Solution: [10, 6, 16, 26, 32, 22, 9, 15, 23, 5, 1, 29, 14, 7, 11, 24, 8, 30, 3, 18, 31, 28, 31, 27, 19, 13, 2, 25, 17, 12, 4, 21] with 3 clashes
Execution Time: 25.64861822128296 seconds

Run 75:
Solution: [1, 9, 24, 12, 10, 19, 16, 11, 15, 28, 31, 27, 30, 21, 29, 20, 13, 4, 2, 14, 5, 32, 25, 17, 3, 7, 26, 8, 18, 22, 6, 23] with 2 clashes
Execution Time: 25.3135986328125 seconds

Run 76:
Solution: [28, 5, 8, 32, 25, 31, 20, 9, 24, 4, 10, 29, 19, 26, 23, 12, 1, 15, 6, 3, 30, 2, 11, 28, 18, 21, 17, 7, 27, 16, 22, 13] with 2 clashes
Execution Time: 25.633010625839233 seconds

Run 77:
Solution: [18, 16, 26, 2, 20, 12, 3, 9, 25, 32, 29, 19, 23, 27, 17, 28, 5, 11, 8, 1, 30, 21, 15, 4, 10, 13, 6, 31, 24, 7, 14, 22] with 2 clashes
Execution Time: 25.87413477897644 seconds

Run 78:
Solution: [7, 24, 21, 2, 14, 25, 3, 12, 6, 27, 32, 24, 15, 4, 10, 1, 28, 17, 22, 30, 26, 8, 11, 31, 16, 20, 5, 29, 9, 23, 13, 19] with 2 clashes
Execution Time: 25.584856510162354 seconds

Run 79:
Solution: [32, 26, 15, 22, 6, 10, 3, 21, 23, 27, 11, 9, 7, 25, 30, 19, 8, 5, 14, 29, 31, 2, 13, 17, 32, 28, 16, 12, 1, 4, 20, 24] with 3 clashes
Execution Time: 25.190043926239014 seconds

Run 80:
Solution: [15, 13, 22, 17, 5, 32, 7, 24, 30, 20, 31, 6, 16, 23, 2, 8, 10, 1, 14, 26, 28, 21, 11, 29, 3, 5, 25, 12, 19, 27, 4, 18] with 2 clashes
Execution Time: 25.31448459625244 seconds

Run 81:
Solution: [16, 18, 5, 9, 26, 12, 3, 30, 7, 22, 31, 2, 32, 23, 28, 19, 6, 11, 7, 14, 20, 29, 1, 4, 8, 21, 13, 25, 10, 27, 15, 24] with 2 clashes
Execution Time: 25.365729808807373 seconds

Run 82:
Solution: [12, 17, 27, 5, 26, 1, 21, 4, 16, 8, 3, 9, 22, 24, 19, 7, 30, 6, 25, 20, 15, 11, 28, 32, 2, 29, 10, 14, 31, 23, 18, 13] with 0 clashes
Execution Time: 16.014348030090332 seconds

Run 83:
Solution: [20, 27, 17, 24, 1, 8, 16, 20, 9, 25, 29, 5, 3, 13, 28, 14, 22, 19, 6, 2, 12, 26, 31, 7, 11, 23, 30, 4, 18, 21, 15, 10] with 3 clashes
Execution Time: 25.512881994247437 seconds

Run 84:
Solution: [27, 17, 2, 9, 31, 14, 19, 26, 13, 27, 20, 15, 4, 25, 8, 5, 30, 32, 21, 10, 28, 23, 3, 11, 7, 18, 24, 1, 12, 16, 29, 6] with 3 clashes
Execution Time: 25.22711944580078 seconds

Run 85:
Solution: [9, 11, 25, 18, 16, 8, 30, 20, 29, 17, 21, 27, 7, 2, 19, 14, 6, 23, 32, 26, 24, 4, 13, 1, 10, 5, 28, 12, 15, 22, 31, 25] with 2 clashes
Execution Time: 25.770641565322876 seconds

Run 86:
Solution: [5, 7, 13, 30, 22, 25, 15, 29, 21, 11, 2, 8, 10, 1, 26, 32, 3, 24, 19, 27, 12, 14, 6, 4, 20, 28, 16, 18, 3, 23, 9, 31] with 3 clashes
Execution Time: 25.92411780357361 seconds

Run 87:
Solution: [16, 27, 24, 8, 13, 15, 29, 20, 22, 1, 12, 2, 5, 31, 4, 26, 23, 17, 6, 13, 3, 25, 18, 10, 21, 11, 32, 28, 9, 14, 30, 7] with 3 clashes
Execution Time: 25.355079650878906 seconds

Run 88:
Solution: [20, 1, 14, 12, 21, 30, 16, 26, 3, 25, 31, 8, 15, 5, 10, 17, 23, 4, 22, 32, 28, 2, 7, 13, 18, 24, 19, 11, 29, 27, 13, 6] with 1 clashes
Execution Time: 25.6017107963562 seconds

Run 89:
Solution: [6, 26, 15, 27, 15, 10, 19, 22, 4, 12, 31, 29, 24, 1, 28, 7, 16, 21, 2, 5, 17, 30, 23, 3, 9, 14, 8, 25, 18, 20, 13, 32] with 3 clashes
Execution Time: 25.55781102180481 seconds

Run 90:
Solution: [8, 15, 19, 23, 16, 20, 6, 31, 26, 32, 29, 12, 18, 22, 1, 4, 11, 28, 10, 13, 2, 17, 25, 30, 9, 24, 14, 21, 3, 27, 7, 5] with 2 clashes
Execution Time: 25.261006593704224 seconds

Run 91:
Solution: [22, 13, 21, 18, 21, 14, 26, 10, 8, 11, 15, 27, 19, 23, 25, 29, 2, 30, 16, 12, 7, 5, 28, 20, 4, 24, 9, 3, 1, 17, 31, 6] with 3 clashes
Execution Time: 25.34661340713501 seconds

Run 92:
Solution: [22, 20, 9, 17, 8, 21, 27, 18, 27, 4, 7, 19, 12, 16, 5, 24, 29, 32, 30, 25, 3, 31, 15, 13, 10, 26, 2, 23, 6, 28, 1, 11] with 3 clashes
Execution Time: 25.218657732009888 seconds

Run 93:
Solution: [16, 21, 29, 12, 22, 28, 19, 17, 20, 31, 9, 3, 26, 8, 15, 30, 20, 4, 24, 1, 14, 7, 13, 23, 32, 2, 6, 25, 11, 18, 27, 10] with 3 clashes
Execution Time: 25.601936101913452 seconds

Run 94:
Solution: [18, 16, 11, 27, 10, 32, 17, 26, 22, 29, 12, 8, 15, 13, 31, 28, 23, 7, 3, 1, 24, 19, 30, 2, 5, 9, 27, 21, 14, 20, 25, 4] with 2 clashes
Execution Time: 25.55839776992798 seconds

Run 95:
Solution: [9, 12, 32, 22, 14, 28, 13, 23, 3, 18, 2, 17, 30, 25, 31, 5, 16, 19, 4, 7, 24, 26, 9, 20, 27, 10, 15, 21, 1, 11, 29, 8] with 2 clashes
Execution Time: 25.596306800842285 seconds

Run 96:
Solution: [26, 13, 15, 3, 25, 14, 24, 11, 16, 7, 27, 21, 23, 2, 6, 29, 31, 8, 5, 20, 22, 17, 28, 4, 9, 30, 19, 1, 12, 32, 18, 10] with 0 clashes
Execution Time: 24.337774991989136 seconds

Run 97:
Solution: [26, 14, 31, 19, 9, 22, 4, 2, 28, 5, 29, 12, 18, 6, 17, 13, 27, 25, 32, 16, 1, 23, 7, 30, 8, 24, 15, 10, 20, 11, 21, 3] with 1 clashes
Execution Time: 25.25579285621643 seconds

Run 98:
Solution: [20, 10, 12, 19, 32, 11, 13, 21, 4, 31, 15, 30, 25, 2, 18, 8, 14, 29, 26, 5, 1, 6, 23, 3, 7, 9, 16, 24, 27, 28, 17, 22] with 1 clashes
Execution Time: 25.459763050079346 seconds

Run 99:
Solution: [12, 25, 15, 13, 1, 23, 7, 24, 6, 28, 26, 19, 32, 16, 10, 3, 27, 4, 22, 8, 29, 14, 31, 9, 30, 17, 20, 11, 27, 5, 21, 2] with 2 clashes
Execution Time: 25.62906837463379 seconds

Run 100:
Solution: [24, 13, 27, 5, 21, 11, 32, 10, 15, 18, 1, 25, 16, 2, 4, 7, 14, 3, 28, 30, 17, 26, 22, 31, 8, 20, 9, 12, 6, 23, 29, 19] with 0 clashes
Execution Time: 19.835864782333374 seconds

