Run 1:
Solution: [11, 26, 17, 13, 8, 1, 22, 14, 7, 28, 3, 9, 24, 18, 20, 10, 16, 25, 27, 5, 21, 2, 4, 12, 15, 19, 23, 6] with 0 clashes
Execution Time: 2.8898720741271973 seconds

Run 2:
Solution: [6, 21, 10, 16, 3, 27, 24, 26, 5, 20, 14, 28, 15, 4, 2, 13, 9, 19, 8, 1, 25, 22, 17, 23, 7, 12, 18, 11] with 1 clashes
Execution Time: 18.19997262954712 seconds

Run 3:
Solution: [13, 5, 25, 19, 11, 2, 26, 12, 20, 9, 16, 6, 22, 28, 10, 1, 24, 8, 27, 17, 3, 23, 21, 15, 18, 14, 7, 4] with 0 clashes
Execution Time: 6.300950765609741 seconds

Run 4:
Solution: [2, 13, 25, 12, 8, 15, 11, 22, 14, 10, 18, 27, 23, 26, 4, 1, 5, 24, 16, 6, 17, 9, 21, 3, 20, 28, 7, 19] with 0 clashes
Execution Time: 11.065892457962036 seconds

Run 5:
Solution: [11, 7, 10, 27, 13, 28, 26, 24, 1, 12, 8, 25, 14, 9, 21, 5, 3, 17, 23, 18, 22, 6, 16, 20, 15, 4, 2, 19] with 1 clashes
Execution Time: 19.376566886901855 seconds

Run 6:
Solution: [17, 4, 23, 9, 16, 28, 20, 8, 3, 5, 25, 19, 12, 6, 18, 1, 26, 11, 27, 2, 7, 13, 21, 14, 22, 15, 10, 24] with 0 clashes
Execution Time: 10.597131490707397 seconds

Run 7:
Solution: [16, 14, 5, 25, 19, 9, 18, 27, 22, 10, 3, 11, 8, 4, 21, 26, 13, 1, 7, 2, 28, 6, 24, 17, 23, 20, 12, 15] with 0 clashes
Execution Time: 14.394732236862183 seconds

Run 8:
Solution: [25, 23, 12, 3, 11, 13, 20, 22, 1, 14, 26, 10, 7, 24, 6, 18, 28, 21, 16, 8, 2, 27, 9, 19, 4, 15, 17, 5] with 0 clashes
Execution Time: 1.3741950988769531 seconds

Run 9:
Solution: [14, 17, 9, 25, 6, 15, 18, 28, 1, 22, 27, 11, 7, 21, 2, 24, 20, 13, 8, 4, 26, 19, 23, 10, 3, 16, 12, 5] with 0 clashes
Execution Time: 18.919450283050537 seconds

Run 10:
Solution: [18, 12, 15, 7, 16, 19, 5, 28, 23, 3, 11, 21, 2, 9, 1, 10, 20, 6, 25, 27, 22, 13, 4, 14, 17, 8, 26, 24] with 1 clashes
Execution Time: 19.420942306518555 seconds

Run 11:
Solution: [25, 11, 4, 16, 9, 19, 28, 13, 23, 17, 5, 27, 2, 14, 8, 26, 7, 1, 18, 20, 12, 24, 21, 10, 6, 3, 22, 15] with 1 clashes
Execution Time: 19.52197027206421 seconds

Run 12:
Solution: [24, 10, 6, 26, 17, 12, 27, 8, 1, 4, 25, 3, 20, 18, 9, 15, 22, 28, 2, 7, 14, 19, 5, 13, 23, 21, 11, 16] with 1 clashes
Execution Time: 19.56083083152771 seconds

Run 13:
Solution: [19, 25, 5, 20, 14, 17, 21, 9, 2, 4, 10, 7, 3, 12, 28, 23, 1, 24, 27, 11, 13, 18, 26, 6, 22, 15, 8, 16] with 1 clashes
Execution Time: 19.398035526275635 seconds

Run 14:
Solution: [24, 8, 16, 2, 25, 28, 22, 3, 9, 18, 1, 21, 23, 10, 6, 15, 20, 4, 13, 7, 5, 27, 12, 17, 26, 14, 19, 11] with 0 clashes
Execution Time: 4.856562852859497 seconds

Run 15:
Solution: [23, 8, 20, 18, 12, 19, 5, 28, 17, 26, 2, 7, 24, 14, 1, 15, 10, 3, 21, 9, 25, 16, 11, 27, 22, 13, 6, 4] with 1 clashes
Execution Time: 19.51478338241577 seconds

Run 16:
Solution: [15, 2, 22, 28, 9, 21, 19, 5, 25, 11, 13, 10, 7, 1, 20, 12, 27, 24, 26, 23, 16, 8, 6, 17, 3, 14, 4, 18] with 1 clashes
Execution Time: 19.23571467399597 seconds

Run 17:
Solution: [11, 6, 10, 16, 24, 15, 7, 2, 8, 17, 28, 26, 21, 4, 18, 3, 13, 23, 5, 22, 27, 1, 14, 12, 20, 9, 19, 25] with 1 clashes
Execution Time: 19.609150648117065 seconds

Run 18:
Solution: [12, 16, 11, 25, 23, 26, 5, 3, 28, 14, 4, 13, 7, 17, 21, 1, 6, 20, 19, 2, 9, 27, 10, 15, 22, 18, 8, 24] with 1 clashes
Execution Time: 19.41552495956421 seconds

Run 19:
Solution: [5, 17, 11, 27, 8, 6, 2, 14, 25, 22, 24, 23, 12, 16, 9, 7, 26, 3, 20, 13, 28, 18, 21, 4, 1, 15, 19, 10] with 1 clashes
Execution Time: 19.554444074630737 seconds

Run 20:
Solution: [13, 21, 16, 9, 20, 14, 8, 28, 19, 17, 1, 12, 24, 3, 11, 10, 23, 4, 2, 22, 25, 7, 26, 15, 6, 18, 5, 27] with 1 clashes
Execution Time: 22.619848489761353 seconds

Run 21:
Solution: [22, 16, 13, 28, 1, 9, 12, 17, 15, 4, 27, 19, 21, 25, 5, 14, 10, 3, 7, 2, 8, 24, 18, 23, 11, 26, 6, 20] with 0 clashes
Execution Time: 16.5756995677948 seconds

Run 22:
Solution: [14, 22, 3, 13, 7, 12, 23, 27, 2, 15, 25, 20, 16, 6, 1, 17, 4, 9, 8, 24, 28, 19, 11, 18, 21, 5, 26, 10] with 1 clashes
Execution Time: 21.750775575637817 seconds

Run 23:
Solution: [5, 10, 25, 23, 15, 12, 6, 26, 21, 19, 22, 9, 11, 28, 2, 7, 20, 8, 3, 16, 14, 17, 24, 1, 13, 18, 27, 4] with 0 clashes
Execution Time: 1.5981581211090088 seconds

Run 24:
Solution: [11, 24, 14, 4, 22, 9, 15, 20, 5, 3, 27, 7, 17, 23, 1, 13, 18, 6, 25, 19, 28, 12, 2, 16, 8, 10, 21, 26] with 0 clashes
Execution Time: 8.22048807144165 seconds

Run 25:
Solution: [7, 21, 10, 14, 26, 28, 25, 19, 13, 5, 1, 8, 4, 16, 27, 9, 2, 17, 20, 23, 15, 11, 6, 22, 3, 18, 24, 12] with 0 clashes
Execution Time: 2.1105170249938965 seconds

Run 26:
Solution: [18, 7, 25, 22, 24, 1, 10, 19, 21, 11, 13, 2, 28, 8, 3, 9, 27, 16, 4, 20, 17, 26, 12, 15, 6, 23, 5, 14] with 0 clashes
Execution Time: 1.3048272132873535 seconds

Run 27:
Solution: [24, 21, 4, 17, 12, 16, 13, 10, 25, 3, 28, 23, 3, 26, 15, 8, 2, 14, 18, 11, 7, 20, 27, 19, 22, 1, 9, 5] with 1 clashes
Execution Time: 22.392287731170654 seconds

Run 28:
Solution: [13, 11, 9, 23, 28, 10, 14, 22, 8, 25, 21, 6, 15, 12, 16, 24, 5, 2, 4, 17, 26, 3, 19, 27, 20, 18, 7, 1] with 0 clashes
Execution Time: 3.01550030708313 seconds

Run 29:
Solution: [15, 21, 5, 11, 27, 14, 4, 20, 18, 9, 26, 10, 8, 25, 28, 19, 17, 23, 6, 16, 12, 7, 24, 2, 13, 1, 3, 22] with 1 clashes
Execution Time: 21.42395853996277 seconds

Run 30:
Solution: [14, 25, 11, 2, 12, 15, 6, 24, 27, 1, 26, 7, 13, 16, 18, 8, 23, 4, 20, 3, 10, 19, 5, 28, 9, 22, 17, 21] with 0 clashes
Execution Time: 3.9773001670837402 seconds

Run 31:
Solution: [27, 6, 17, 19, 4, 16, 23, 13, 20, 3, 24, 12, 25, 8, 18, 1, 15, 7, 26, 22, 5, 9, 14, 10, 2, 21, 28, 11] with 1 clashes
Execution Time: 22.986204385757446 seconds

Run 32:
Solution: [27, 2, 18, 21, 6, 26, 15, 12, 4, 13, 16, 3, 1, 28, 22, 8, 19, 11, 25, 10, 17, 9, 20, 23, 14, 24, 7, 5] with 0 clashes
Execution Time: 0.8996407985687256 seconds

Run 33:
Solution: [20, 15, 4, 14, 11, 23, 21, 24, 6, 3, 26, 7, 22, 17, 9, 18, 19, 25, 8, 2, 5, 1, 10, 28, 13, 16, 12, 27] with 1 clashes
Execution Time: 20.9289071559906 seconds

Run 34:
Solution: [20, 17, 13, 8, 4, 23, 18, 15, 25, 22, 2, 6, 26, 3, 21, 11, 9, 27, 19, 28, 14, 24, 10, 7, 5, 16, 1, 12] with 0 clashes
Execution Time: 15.281336307525635 seconds

Run 35:
Solution: [25, 22, 18, 9, 3, 5, 16, 14, 10, 28, 23, 4, 20, 1, 3, 27, 13, 2, 12, 24, 7, 19, 6, 26, 15, 11, 21, 17] with 1 clashes
Execution Time: 19.4503333568573 seconds

Run 36:
Solution: [17, 9, 3, 18, 2, 10, 5, 1, 24, 21, 13, 20, 22, 6, 25, 7, 12, 19, 15, 8, 27, 4, 26, 23, 11, 16, 14, 28] with 1 clashes
Execution Time: 19.465762615203857 seconds

Run 37:
Solution: [10, 23, 7, 11, 16, 14, 24, 6, 4, 22, 25, 28, 9, 27, 8, 18, 1, 12, 19, 17, 26, 21, 3, 5, 2, 13, 15, 20] with 0 clashes
Execution Time: 4.775143146514893 seconds

Run 38:
Solution: [9, 17, 14, 27, 24, 8, 5, 22, 25, 3, 12, 16, 23, 6, 18, 21, 7, 13, 2, 19, 28, 10, 4, 20, 1, 26, 11, 15] with 1 clashes
Execution Time: 19.549685955047607 seconds

Run 39:
Solution: [15, 20, 18, 1, 26, 6, 27, 12, 8, 5, 17, 14, 24, 10, 23, 28, 2, 21, 13, 25, 22, 3, 7, 11, 4, 16, 9, 19] with 0 clashes
Execution Time: 1.3631911277770996 seconds

Run 40:
Solution: [6, 24, 18, 13, 5, 22, 8, 14, 2, 23, 28, 19, 17, 26, 12, 27, 3, 20, 4, 16, 11, 25, 21, 1, 9, 15, 10, 7] with 0 clashes
Execution Time: 2.385056972503662 seconds

Run 41:
Solution: [20, 1, 8, 4, 18, 14, 10, 25, 19, 24, 9, 3, 6, 16, 11, 28, 5, 27, 23, 26, 22, 17, 15, 13, 7, 21, 2, 12] with 2 clashes
Execution Time: 19.497580528259277 seconds

Run 42:
Solution: [4, 14, 26, 10, 19, 15, 6, 9, 11, 1, 24, 27, 20, 18, 7, 2, 13, 23, 8, 28, 21, 16, 3, 22, 12, 5, 17, 25] with 0 clashes
Execution Time: 4.387521028518677 seconds

Run 43:
Solution: [27, 21, 5, 18, 13, 3, 6, 23, 15, 10, 28, 25, 1, 12, 26, 17, 4, 22, 11, 16, 24, 7, 2, 8, 19, 9, 20, 14] with 0 clashes
Execution Time: 15.189380884170532 seconds

Run 44:
Solution: [21, 6, 17, 13, 24, 7, 12, 19, 27, 23, 3, 11, 28, 26, 15, 2, 8, 20, 25, 14, 5, 9, 1, 22, 18, 16, 10, 4] with 0 clashes
Execution Time: 7.449964284896851 seconds

Run 45:
Solution: [4, 18, 11, 15, 23, 12, 9, 2, 16, 22, 25, 1, 28, 19, 6, 14, 7, 27, 3, 17, 21, 26, 8, 5, 24, 13, 20, 10] with 0 clashes
Execution Time: 0.8975722789764404 seconds

Run 46:
Solution: [21, 16, 20, 22, 6, 27, 7, 2, 12, 3, 1, 24, 15, 10, 26, 13, 23, 28, 18, 5, 9, 17, 4, 11, 14, 8, 25, 19] with 1 clashes
Execution Time: 20.317642211914062 seconds

Run 47:
Solution: [6, 13, 25, 17, 7, 21, 4, 15, 5, 16, 9, 26, 12, 8, 18, 24, 1, 27, 20, 10, 14, 2, 23, 28, 11, 3, 22, 19] with 0 clashes
Execution Time: 10.733302593231201 seconds

Run 48:
Solution: [3, 25, 10, 12, 18, 5, 23, 1, 26, 8, 14, 21, 2, 20, 7, 16, 27, 15, 24, 6, 17, 9, 13, 28, 4, 11, 22, 19] with 1 clashes
Execution Time: 20.215192556381226 seconds

Run 49:
Solution: [16, 8, 5, 2, 18, 24, 21, 12, 25, 1, 3, 6, 23, 10, 22, 15, 26, 11, 7, 20, 4, 19, 9, 14, 27, 13, 28, 17] with 1 clashes
Execution Time: 20.282581567764282 seconds

Run 50:
Solution: [10, 5, 24, 17, 23, 13, 8, 1, 21, 12, 7, 22, 11, 2, 20, 27, 3, 18, 4, 26, 16, 9, 15, 28, 14, 25, 6, 19] with 0 clashes
Execution Time: 5.251467227935791 seconds

Run 51:
Solution: [17, 22, 2, 6, 16, 20, 8, 15, 18, 25, 14, 10, 1, 3, 19, 26, 2, 23, 27, 12, 7, 28, 13, 24, 5, 21, 11, 9] with 1 clashes
Execution Time: 20.20625925064087 seconds

Run 52:
Solution: [24, 10, 18, 5, 11, 9, 27, 20, 13, 28, 2, 8, 23, 4, 12, 14, 26, 1, 21, 15, 3, 7, 22, 17, 25, 6, 19, 16] with 0 clashes
Execution Time: 0.9483122825622559 seconds

Run 53:
Solution: [10, 25, 23, 20, 4, 12, 22, 11, 5, 27, 9, 24, 21, 28, 17, 6, 28, 3, 14, 8, 18, 16, 7, 1, 26, 15, 13, 19] with 1 clashes
Execution Time: 19.54155707359314 seconds

Run 54:
Solution: [28, 18, 8, 24, 14, 10, 26, 4, 15, 22, 3, 23, 2, 7, 25, 1, 5, 9, 17, 21, 16, 12, 20, 6, 19, 13, 11, 27] with 0 clashes
Execution Time: 1.7531135082244873 seconds

Run 55:
Solution: [22, 9, 23, 15, 11, 3, 25, 13, 1, 8, 28, 21, 17, 14, 2, 24, 19, 7, 10, 4, 20, 12, 26, 18, 6, 27, 5, 16] with 1 clashes
Execution Time: 19.517704248428345 seconds

Run 56:
Solution: [9, 6, 16, 24, 10, 28, 7, 25, 27, 17, 21, 14, 22, 11, 26, 5, 12, 2, 20, 18, 3, 1, 8, 23, 19, 4, 13, 15] with 0 clashes
Execution Time: 1.6423530578613281 seconds

Run 57:
Solution: [23, 10, 17, 22, 8, 3, 9, 27, 21, 26, 11, 6, 24, 13, 2, 25, 5, 22, 15, 1, 4, 20, 16, 19, 7, 12, 28, 18] with 2 clashes
Execution Time: 19.620579481124878 seconds

Run 58:
Solution: [16, 21, 15, 5, 14, 22, 7, 12, 23, 3, 28, 10, 2, 19, 1, 27, 8, 26, 26, 4, 20, 25, 17, 11, 6, 18, 9, 24] with 2 clashes
Execution Time: 19.77083921432495 seconds

Run 59:
Solution: [18, 7, 17, 3, 27, 21, 26, 4, 20, 16, 2, 5, 22, 9, 13, 23, 1, 6, 11, 14, 24, 19, 8, 25, 15, 12, 10, 28] with 0 clashes
Execution Time: 8.854220867156982 seconds

Run 60:
Solution: [7, 14, 19, 9, 24, 8, 17, 23, 6, 28, 12, 15, 13, 4, 20, 25, 11, 3, 1, 27, 16, 21, 2, 10, 5, 22, 18, 26] with 1 clashes
Execution Time: 19.426332712173462 seconds

Run 61:
Solution: [15, 6, 20, 23, 14, 12, 28, 1, 8, 18, 21, 9, 11, 25, 27, 4, 17, 13, 24, 2, 5, 7, 10, 16, 26, 22, 3, 19] with 0 clashes
Execution Time: 1.0939862728118896 seconds

Run 62:
Solution: [11, 6, 12, 7, 24, 27, 21, 8, 14, 26, 10, 19, 25, 4, 17, 9, 5, 2, 20, 28, 16, 13, 1, 3, 22, 18, 23, 15] with 0 clashes
Execution Time: 1.5445916652679443 seconds

Run 63:
Solution: [19, 22, 16, 3, 8, 6, 18, 24, 28, 1, 4, 17, 15, 21, 25, 5, 9, 13, 27, 14, 2, 26, 7, 20, 11, 23, 12, 10] with 0 clashes
Execution Time: 3.528172731399536 seconds

Run 64:
Solution: [9, 7, 25, 16, 26, 6, 10, 21, 5, 17, 28, 13, 8, 18, 4, 27, 23, 20, 3, 14, 12, 15, 22, 11, 1, 24, 19, 2] with 0 clashes
Execution Time: 12.58773422241211 seconds

Run 65:
Solution: [23, 5, 10, 1, 7, 19, 3, 28, 17, 24, 11, 21, 18, 15, 13, 27, 4, 2, 25, 12, 6, 8, 16, 14, 20, 9, 26, 22] with 0 clashes
Execution Time: 1.520906925201416 seconds

Run 66:
Solution: [22, 15, 6, 10, 16, 13, 25, 27, 24, 14, 20, 1, 9, 4, 23, 28, 8, 18, 11, 19, 26, 5, 17, 2, 12, 3, 7, 21] with 0 clashes
Execution Time: 6.096955299377441 seconds

Run 67:
Solution: [8, 4, 17, 10, 14, 21, 1, 3, 22, 15, 28, 20, 13, 26, 7, 12, 27, 19, 23, 18, 24, 2, 6, 11, 16, 25, 9, 5] with 0 clashes
Execution Time: 8.211100816726685 seconds

Run 68:
Solution: [24, 7, 10, 19, 3, 5, 8, 18, 22, 14, 27, 6, 4, 25, 12, 16, 13, 1, 9, 2, 23, 28, 26, 17, 11, 21, 15, 20] with 0 clashes
Execution Time: 6.258373498916626 seconds

Run 69:
Solution: [8, 22, 17, 21, 2, 12, 6, 19, 10, 25, 3, 20, 4, 7, 1, 26, 13, 27, 24, 14, 5, 11, 18, 15, 23, 28, 9, 16] with 1 clashes
Execution Time: 24.330084562301636 seconds

Run 70:
Solution: [11, 14, 4, 18, 3, 25, 13, 23, 8, 5, 27, 21, 17, 7, 22, 6, 19, 26, 15, 9, 24, 10, 1, 16, 2, 20, 12, 28] with 2 clashes
Execution Time: 23.848936796188354 seconds

Run 71:
Solution: [21, 26, 11, 1, 19, 24, 5, 18, 8, 10, 15, 25, 2, 17, 3, 7, 28, 23, 6, 13, 27, 14, 9, 20, 4, 16, 22, 12] with 1 clashes
Execution Time: 26.92566967010498 seconds

Run 72:
Solution: [17, 9, 6, 21, 15, 4, 7, 5, 27, 12, 22, 18, 28, 1, 20, 8, 2, 26, 10, 3, 25, 23, 11, 19, 14, 16, 13, 24] with 0 clashes
Execution Time: 3.1741445064544678 seconds

Run 73:
Solution: [17, 8, 25, 21, 16, 26, 15, 11, 3, 1, 4, 27, 18, 10, 19, 28, 6, 2, 14, 7, 20, 23, 13, 22, 5, 12, 24, 9] with 0 clashes
Execution Time: 8.310271739959717 seconds

Run 74:
Solution: [14, 9, 27, 12, 24, 7, 11, 17, 28, 26, 1, 23, 8, 5, 2, 22, 16, 4, 15, 3, 10, 20, 25, 21, 18, 6, 19, 13] with 1 clashes
Execution Time: 23.545489072799683 seconds

Run 75:
Solution: [18, 8, 22, 9, 1, 16, 14, 3, 25, 23, 12, 26, 24, 2, 13, 15, 7, 27, 21, 28, 6, 4, 20, 17, 5, 10, 19, 11] with 0 clashes
Execution Time: 0.9377040863037109 seconds

Run 76:
Solution: [12, 17, 25, 13, 9, 14, 8, 24, 3, 28, 23, 11, 26, 2, 22, 6, 10, 18, 21, 15, 5, 19, 1, 27, 4, 7, 16, 20] with 0 clashes
Execution Time: 9.701520204544067 seconds

Run 77:
Solution: [20, 25, 3, 22, 9, 17, 8, 4, 23, 15, 28, 18, 11, 6, 27, 2, 12, 26, 21, 13, 1, 16, 5, 7, 24, 10, 14, 19] with 0 clashes
Execution Time: 3.723536968231201 seconds

Run 78:
Solution: [10, 17, 4, 14, 12, 27, 23, 6, 22, 28, 11, 24, 16, 2, 9, 18, 3, 8, 25, 15, 26, 5, 20, 1, 7, 13, 19, 21] with 0 clashes
Execution Time: 4.798657417297363 seconds

Run 79:
Solution: [10, 13, 22, 20, 25, 8, 19, 14, 7, 2, 12, 17, 27, 21, 3, 26, 11, 18, 1, 24, 16, 5, 9, 23, 28, 15, 4, 6] with 0 clashes
Execution Time: 5.854750871658325 seconds

Run 80:
Solution: [12, 1, 21, 7, 22, 15, 26, 18, 10, 8, 5, 27, 19, 3, 28, 24, 17, 13, 23, 2, 9, 14, 6, 4, 16, 11, 20, 25] with 0 clashes
Execution Time: 5.380873441696167 seconds

Run 81:
Solution: [6, 21, 26, 12, 9, 4, 19, 24, 18, 27, 8, 13, 7, 10, 17, 1, 5, 25, 2, 20, 14, 11, 15, 23, 28, 16, 22, 3] with 1 clashes
Execution Time: 23.20345973968506 seconds

Run 82:
Solution: [16, 6, 11, 22, 15, 17, 26, 24, 12, 3, 18, 4, 2, 8, 21, 28, 1, 27, 9, 7, 20, 13, 23, 19, 5, 14, 10, 25] with 0 clashes
Execution Time: 5.5774383544921875 seconds

Run 83:
Solution: [3, 22, 18, 26, 10, 7, 5, 12, 8, 23, 21, 24, 1, 17, 4, 6, 25, 9, 15, 27, 14, 28, 20, 16, 19, 2, 11, 13] with 0 clashes
Execution Time: 5.34563946723938 seconds

Run 84:
Solution: [20, 9, 17, 6, 4, 16, 10, 23, 5, 27, 8, 3, 21, 15, 28, 25, 1, 24, 7, 12, 14, 2, 13, 22, 19, 26, 18, 11] with 1 clashes
Execution Time: 26.499876499176025 seconds

Run 85:
Solution: [17, 23, 3, 13, 11, 20, 25, 16, 6, 27, 10, 15, 1, 8, 19, 28, 2, 20, 24, 9, 12, 14, 5, 7, 26, 4, 22, 18] with 1 clashes
Execution Time: 25.59761095046997 seconds

Run 86:
Solution: [25, 23, 15, 6, 19, 9, 13, 3, 8, 20, 28, 19, 21, 2, 26, 17, 10, 27, 4, 12, 1, 18, 5, 24, 22, 16, 11, 7] with 1 clashes
Execution Time: 26.823023557662964 seconds

Run 87:
Solution: [12, 25, 11, 17, 5, 3, 16, 4, 24, 20, 27, 14, 6, 28, 2, 15, 8, 21, 9, 26, 19, 23, 1, 10, 7, 18, 22, 13] with 0 clashes
Execution Time: 19.648494482040405 seconds

Run 88:
Solution: [7, 18, 1, 8, 4, 15, 27, 21, 26, 24, 2, 14, 20, 10, 23, 16, 6, 12, 3, 5, 22, 25, 28, 17, 11, 13, 19, 9] with 1 clashes
Execution Time: 25.885982513427734 seconds

Run 89:
Solution: [19, 15, 27, 2, 7, 18, 8, 11, 20, 4, 28, 17, 12, 23, 1, 22, 6, 26, 9, 16, 13, 24, 10, 21, 25, 14, 5, 3] with 2 clashes
Execution Time: 26.464656352996826 seconds

Run 90:
Solution: [24, 13, 3, 25, 8, 18, 21, 27, 5, 16, 9, 11, 26, 22, 4, 1, 1, 28, 12, 7, 23, 19, 15, 10, 20, 14, 6, 2] with 1 clashes
Execution Time: 26.41006565093994 seconds

Run 91:
Solution: [26, 17, 19, 1, 11, 28, 8, 25, 21, 4, 18, 20, 24, 12, 6, 9, 7, 27, 23, 15, 2, 22, 5, 16, 13, 10, 14, 3] with 0 clashes
Execution Time: 5.076942205429077 seconds

Run 92:
Solution: [8, 15, 20, 22, 3, 12, 4, 28, 19, 21, 5, 7, 16, 23, 27, 6, 18, 9, 1, 25, 13, 26, 10, 17, 24, 14, 11, 2] with 0 clashes
Execution Time: 16.11989140510559 seconds

Run 93:
Solution: [18, 14, 12, 5, 20, 2, 21, 13, 15, 17, 1, 25, 10, 3, 26, 24, 27, 16, 23, 11, 8, 4, 7, 9, 28, 6, 19, 22] with 0 clashes
Execution Time: 7.5528786182403564 seconds

Run 94:
Solution: [25, 2, 4, 13, 17, 14, 12, 15, 20, 24, 7, 1, 28, 16, 9, 19, 27, 10, 23, 26, 18, 5, 22, 8, 11, 21, 6, 3] with 0 clashes
Execution Time: 22.08236837387085 seconds

Run 95:
Solution: [26, 6, 3, 9, 17, 8, 21, 24, 28, 22, 14, 27, 23, 12, 16, 13, 2, 5, 25, 1, 20, 11, 19, 10, 15, 4, 18, 22] with 3 clashes
Execution Time: 26.162034034729004 seconds

Run 96:
Solution: [19, 1, 26, 6, 3, 16, 4, 13, 17, 21, 28, 24, 5, 2, 22, 12, 8, 27, 23, 7, 2, 11, 18, 25, 15, 9, 20, 10] with 1 clashes
Execution Time: 23.95334553718567 seconds

Run 97:
Solution: [9, 2, 24, 19, 3, 23, 10, 12, 5, 16, 27, 7, 15, 1, 25, 28, 22, 6, 26, 21, 14, 13, 20, 8, 17, 11, 4, 18] with 1 clashes
Execution Time: 23.606783390045166 seconds

Run 98:
Solution: [11, 26, 10, 6, 14, 5, 15, 21, 24, 16, 25, 3, 1, 18, 27, 8, 4, 13, 19, 23, 2, 12, 7, 20, 22, 9, 28, 17] with 0 clashes
Execution Time: 1.5548691749572754 seconds

Run 99:
Solution: [24, 11, 4, 7, 21, 12, 14, 2, 5, 20, 26, 16, 27, 19, 23, 15, 10, 1, 3, 28, 8, 13, 18, 22, 25, 6, 9, 17] with 1 clashes
Execution Time: 25.221160173416138 seconds

Run 100:
Solution: [15, 20, 11, 21, 12, 9, 13, 2, 10, 25, 23, 1, 24, 16, 14, 8, 27, 5, 17, 6, 18, 26, 28, 7, 3, 19, 22, 4] with 0 clashes
Execution Time: 1.5391359329223633 seconds

