Run 1:
Solution: [17, 21, 10, 13, 7, 9, 31, 16, 2, 24, 28, 30, 8, 26, 14, 3, 5, 12, 32, 11, 22, 19, 29, 20, 25, 6, 1, 18, 27, 15, 23, 4] with 0 clashes
Execution Time: 14.94224500656128 seconds

Run 2:
Solution: [22, 12, 16, 29, 6, 9, 24, 32, 8, 18, 5, 1, 13, 21, 27, 20, 28, 4, 25, 7, 30, 15, 11, 14, 23, 3, 19, 2, 31, 26, 10, 17] with 0 clashes
Execution Time: 6.760529041290283 seconds

Run 3:
Solution: [5, 28, 9, 23, 8, 29, 21, 13, 6, 32, 7, 24, 26, 2, 14, 18, 15, 19, 4, 27, 31, 3, 10, 17, 1, 12, 16, 20, 11, 30, 25, 22] with 0 clashes
Execution Time: 5.420255899429321 seconds

Run 4:
Solution: [25, 12, 15, 20, 1, 29, 14, 3, 24, 7, 28, 4, 27, 17, 26, 16, 21, 11, 10, 22, 6, 8, 2, 23, 19, 31, 9, 18, 5, 13, 32, 30] with 1 clashes
Execution Time: 26.87420964241028 seconds

Run 5:
Solution: [12, 20, 9, 7, 26, 13, 8, 1, 14, 19, 23, 25, 4, 2, 30, 10, 15, 32, 29, 24, 17, 3, 22, 16, 5, 21, 27, 18, 31, 6, 28, 11] with 1 clashes
Execution Time: 34.57634520530701 seconds

Run 6:
Solution: [23, 19, 12, 8, 30, 4, 15, 29, 27, 17, 21, 1, 5, 20, 11, 13, 31, 2, 32, 22, 7, 9, 28, 25, 18, 26, 3, 16, 24, 10, 14, 6] with 1 clashes
Execution Time: 30.63615345954895 seconds

Run 7:
Solution: [26, 15, 30, 10, 20, 7, 17, 3, 9, 32, 27, 19, 21, 12, 6, 13, 25, 2, 4, 25, 23, 31, 5, 16, 24, 29, 14, 22, 1, 18, 8, 11] with 3 clashes
Execution Time: 30.37140965461731 seconds

Run 8:
Solution: [10, 20, 9, 32, 21, 28, 11, 5, 19, 29, 24, 7, 3, 18, 15, 4, 6, 30, 22, 13, 8, 16, 2, 23, 26, 17, 25, 14, 31, 1, 27, 12] with 1 clashes
Execution Time: 30.520501375198364 seconds

Run 9:
Solution: [17, 9, 20, 1, 10, 14, 27, 32, 19, 28, 13, 2, 6, 29, 18, 30, 15, 4, 25, 1, 16, 23, 8, 11, 24, 3, 31, 22, 12, 26, 5, 21] with 1 clashes
Execution Time: 30.548389196395874 seconds

Run 10:
Solution: [7, 14, 18, 15, 22, 25, 23, 28, 16, 8, 6, 2, 10, 1, 9, 12, 31, 21, 32, 20, 29, 13, 24, 5, 27, 30, 26, 4, 17, 19, 3, 11] with 0 clashes
Execution Time: 23.07355284690857 seconds

Run 11:
Solution: [13, 15, 17, 26, 8, 27, 11, 28, 16, 6, 12, 30, 24, 1, 32, 22, 5, 10, 2, 29, 31, 4, 25, 21, 19, 3, 7, 18, 14, 9, 20, 23] with 0 clashes
Execution Time: 31.405475616455078 seconds

Run 12:
Solution: [16, 13, 20, 28, 21, 18, 2, 14, 12, 3, 7, 32, 22, 27, 5, 17, 31, 9, 19, 25, 29, 8, 6, 1, 24, 11, 15, 30, 26, 10, 23, 4] with 0 clashes
Execution Time: 18.728885173797607 seconds

Run 13:
Solution: [31, 18, 22, 10, 5, 17, 2, 32, 12, 27, 8, 1, 20, 13, 24, 30, 9, 23, 3, 11, 29, 16, 21, 4, 26, 28, 15, 7, 19, 6, 14, 25] with 0 clashes
Execution Time: 9.875421524047852 seconds

Run 14:
Solution: [6, 21, 25, 16, 20, 26, 1, 3, 17, 19, 10, 22, 14, 31, 4, 27, 7, 18, 23, 2, 12, 15, 30, 11, 5, 28, 13, 24, 32, 8, 29, 9] with 0 clashes
Execution Time: 3.1810197830200195 seconds

Run 15:
Solution: [11, 17, 22, 7, 26, 29, 19, 2, 31, 6, 28, 30, 5, 18, 15, 1, 12, 16, 8, 3, 27, 24, 20, 23, 13, 10, 14, 9, 4, 21, 32, 25] with 0 clashes
Execution Time: 4.2429726123809814 seconds

Run 16:
Solution: [7, 28, 6, 15, 18, 1, 30, 4, 29, 17, 9, 20, 15, 32, 14, 26, 5, 27, 24, 11, 3, 19, 25, 2, 8, 13, 31, 21, 23, 10, 16, 22] with 2 clashes
Execution Time: 33.929640769958496 seconds

Run 17:
Solution: [24, 8, 30, 23, 3, 11, 32, 28, 19, 22, 18, 2, 6, 16, 31, 5, 25, 29, 4, 15, 20, 9, 1, 10, 13, 17, 27, 12, 21, 7, 14, 26] with 0 clashes
Execution Time: 9.46846342086792 seconds

Run 18:
Solution: [14, 10, 18, 1, 12, 22, 26, 11, 5, 21, 29, 4, 30, 28, 3, 20, 7, 19, 31, 32, 23, 13, 16, 6, 9, 15, 2, 27, 24, 8, 25, 17] with 1 clashes
Execution Time: 34.404149770736694 seconds

Run 19:
Solution: [12, 6, 13, 27, 29, 21, 23, 28, 14, 4, 11, 25, 2, 26, 17, 22, 16, 3, 10, 6, 30, 20, 5, 1, 32, 19, 8, 31, 24, 18, 15, 7] with 1 clashes
Execution Time: 33.46252250671387 seconds

Run 20:
Solution: [11, 17, 4, 24, 27, 18, 16, 19, 12, 8, 3, 5, 30, 32, 23, 10, 22, 2, 6, 14, 20, 26, 29, 7, 15, 28, 9, 25, 1, 21, 31, 13] with 1 clashes
Execution Time: 32.564390420913696 seconds

Run 21:
Solution: [32, 17, 12, 8, 16, 4, 25, 30, 26, 7, 19, 6, 23, 20, 1, 15, 24, 5, 31, 9, 21, 3, 11, 2, 28, 22, 18, 29, 14, 10, 13, 27] with 1 clashes
Execution Time: 33.010337829589844 seconds

Run 22:
Solution: [15, 8, 24, 13, 20, 1, 31, 26, 10, 14, 30, 23, 2, 6, 27, 32, 11, 4, 7, 19, 12, 18, 28, 22, 25, 29, 9, 16, 3, 17, 21, 5] with 1 clashes
Execution Time: 32.174657583236694 seconds

Run 23:
Solution: [25, 17, 26, 10, 30, 21, 4, 7, 9, 2, 21, 15, 18, 22, 13, 29, 3, 5, 14, 31, 23, 12, 32, 28, 16, 27, 20, 11, 8, 24, 19, 6] with 3 clashes
Execution Time: 37.22508454322815 seconds

Run 24:
Solution: [3, 21, 16, 32, 15, 23, 2, 19, 13, 4, 27, 1, 5, 26, 18, 30, 14, 8, 6, 24, 9, 29, 22, 17, 25, 31, 28, 11, 20, 7, 12, 10] with 1 clashes
Execution Time: 36.950480222702026 seconds

Run 25:
Solution: [23, 19, 5, 18, 21, 14, 11, 29, 22, 9, 17, 32, 16, 26, 24, 1, 8, 12, 3, 13, 31, 10, 4, 25, 30, 15, 27, 20, 6, 28, 7, 2] with 1 clashes
Execution Time: 32.3989622592926 seconds

Run 26:
Solution: [26, 10, 1, 18, 15, 11, 7, 32, 6, 16, 20, 31, 28, 9, 22, 27, 30, 21, 2, 24, 17, 14, 12, 25, 5, 8, 29, 4, 13, 3, 19, 23] with 1 clashes
Execution Time: 40.22775173187256 seconds

Run 27:
Solution: [27, 29, 16, 10, 2, 31, 22, 8, 25, 12, 1, 11, 5, 28, 18, 23, 13, 9, 6, 24, 14, 30, 32, 19, 7, 3, 21, 26, 17, 15, 20, 4] with 1 clashes
Execution Time: 45.15566372871399 seconds

Run 28:
Solution: [15, 26, 10, 25, 31, 17, 4, 1, 3, 11, 19, 29, 32, 20, 24, 8, 16, 28, 7, 22, 6, 18, 27, 14, 12, 9, 5, 23, 2, 30, 13, 21] with 0 clashes
Execution Time: 4.3791563510894775 seconds

Run 29:
Solution: [8, 10, 29, 1, 20, 17, 27, 18, 13, 4, 2, 31, 11, 26, 15, 12, 3, 23, 28, 19, 16, 5, 25, 9, 6, 32, 30, 7, 21, 14, 24, 22] with 0 clashes
Execution Time: 16.261616230010986 seconds

Run 30:
Solution: [32, 13, 19, 23, 5, 30, 16, 11, 22, 27, 7, 1, 3, 18, 20, 9, 29, 6, 25, 28, 31, 21, 15, 4, 26, 8, 12, 2, 24, 17, 14, 10] with 0 clashes
Execution Time: 6.856719255447388 seconds

Run 31:
Solution: [23, 14, 12, 9, 21, 8, 30, 3, 29, 7, 24, 15, 31, 18, 4, 27, 5, 28, 2, 19, 13, 6, 17, 25, 32, 26, 20, 1, 16, 11, 22, 10] with 0 clashes
Execution Time: 5.225713014602661 seconds

Run 32:
Solution: [26, 19, 17, 10, 12, 4, 30, 5, 21, 31, 11, 28, 15, 29, 20, 7, 2, 13, 32, 14, 25, 23, 3, 8, 24, 16, 9, 1, 18, 22, 27, 6] with 0 clashes
Execution Time: 4.685197591781616 seconds

Run 33:
Solution: [5, 8, 31, 28, 30, 23, 6, 15, 27, 12, 9, 21, 14, 17, 10, 26, 29, 3, 24, 4, 7, 19, 16, 13, 1, 22, 18, 2, 11, 20, 25, 32] with 0 clashes
Execution Time: 15.271635055541992 seconds

Run 34:
Solution: [1, 25, 6, 18, 24, 26, 19, 29, 14, 2, 20, 8, 17, 30, 3, 9, 4, 15, 21, 31, 22, 28, 13, 23, 32, 12, 7, 11, 27, 5, 10, 16] with 0 clashes
Execution Time: 6.577711820602417 seconds

Run 35:
Solution: [18, 30, 14, 1, 8, 5, 17, 10, 22, 25, 15, 2, 29, 32, 7, 28, 13, 9, 6, 23, 19, 16, 24, 31, 11, 3, 27, 21, 12, 4, 26, 20] with 1 clashes
Execution Time: 35.439523220062256 seconds

Run 36:
Solution: [21, 8, 3, 27, 30, 11, 19, 26, 18, 9, 5, 28, 16, 7, 13, 2, 32, 29, 4, 17, 31, 23, 1, 20, 14, 6, 15, 10, 12, 25, 22, 24] with 0 clashes
Execution Time: 16.988839626312256 seconds

Run 37:
Solution: [8, 18, 21, 6, 30, 7, 16, 23, 12, 27, 31, 10, 19, 13, 3, 28, 22, 1, 15, 9, 29, 14, 5, 2, 20, 26, 11, 32, 4, 24, 17, 25] with 0 clashes
Execution Time: 13.272138833999634 seconds

Run 38:
Solution: [2, 20, 32, 6, 13, 18, 31, 19, 16, 26, 8, 3, 28, 12, 5, 30, 23, 27, 14, 1, 10, 25, 9, 29, 4, 22, 15, 11, 21, 7, 24, 17] with 0 clashes
Execution Time: 2.7366769313812256 seconds

Run 39:
Solution: [11, 15, 25, 19, 26, 4, 14, 1, 6, 24, 13, 20, 7, 5, 31, 27, 22, 17, 3, 16, 30, 23, 2, 9, 28, 12, 10, 32, 29, 18, 21, 8] with 0 clashes
Execution Time: 4.932207107543945 seconds

Run 40:
Solution: [8, 31, 11, 27, 7, 23, 32, 13, 1, 30, 21, 16, 6, 9, 20, 4, 28, 24, 3, 5, 17, 12, 14, 2, 26, 22, 25, 15, 29, 19, 10, 18] with 2 clashes
Execution Time: 45.25832152366638 seconds

Run 41:
Solution: [15, 28, 11, 9, 17, 12, 10, 3, 29, 19, 26, 31, 23, 7, 16, 4, 8, 1, 32, 27, 13, 6, 22, 24, 2, 30, 5, 14, 25, 20, 18, 21] with 0 clashes
Execution Time: 27.867180824279785 seconds

Run 42:
Solution: [24, 19, 15, 23, 5, 14, 22, 32, 3, 21, 25, 16, 6, 1, 17, 29, 9, 28, 20, 2, 30, 12, 18, 27, 31, 7, 10, 26, 13, 8, 4, 11] with 1 clashes
Execution Time: 28.69745969772339 seconds

Run 43:
Solution: [3, 7, 19, 12, 11, 32, 26, 23, 20, 10, 4, 22, 31, 18, 24, 14, 2, 6, 8, 17, 5, 1, 30, 27, 16, 9, 28, 15, 25, 29, 21, 13] with 1 clashes
Execution Time: 27.72199511528015 seconds

Run 44:
Solution: [23, 4, 9, 24, 31, 29, 16, 3, 12, 15, 30, 20, 13, 5, 22, 27, 1, 32, 8, 2, 19, 26, 11, 7, 21, 18, 6, 14, 10, 17, 28, 25] with 0 clashes
Execution Time: 2.100493907928467 seconds

Run 45:
Solution: [10, 32, 24, 17, 20, 25, 19, 22, 3, 13, 27, 16, 30, 5, 21, 2, 18, 6, 1, 28, 26, 15, 23, 8, 4, 7, 14, 11, 31, 29, 9, 12] with 0 clashes
Execution Time: 9.951224565505981 seconds

Run 46:
Solution: [5, 13, 6, 23, 27, 19, 1, 20, 30, 26, 9, 18, 4, 24, 8, 15, 12, 32, 2, 25, 14, 31, 3, 10, 21, 7, 16, 29, 11, 22, 28, 17] with 1 clashes
Execution Time: 29.155089616775513 seconds

Run 47:
Solution: [11, 8, 19, 17, 24, 10, 27, 32, 4, 21, 25, 29, 14, 5, 28, 16, 20, 7, 9, 6, 2, 31, 1, 23, 30, 22, 3, 26, 13, 15, 18, 12] with 1 clashes
Execution Time: 26.235899925231934 seconds

Run 48:
Solution: [28, 20, 10, 32, 11, 26, 17, 3, 1, 21, 27, 6, 2, 9, 29, 24, 4, 23, 15, 22, 12, 5, 7, 13, 18, 30, 25, 16, 19, 31, 8, 14] with 3 clashes
Execution Time: 25.45873498916626 seconds

Run 49:
Solution: [9, 13, 21, 30, 11, 2, 12, 1, 8, 32, 15, 24, 26, 31, 22, 17, 4, 20, 3, 29, 10, 19, 23, 6, 28, 14, 5, 7, 27, 25, 16, 18] with 0 clashes
Execution Time: 2.6848838329315186 seconds

Run 50:
Solution: [8, 19, 16, 9, 5, 25, 11, 3, 20, 30, 26, 18, 31, 28, 12, 27, 29, 4, 17, 21, 14, 2, 10, 15, 24, 22, 1, 6, 23, 32, 7, 13] with 1 clashes
Execution Time: 25.799976587295532 seconds

Run 51:
Solution: [3, 13, 30, 9, 17, 28, 5, 12, 15, 7, 20, 2, 31, 27, 22, 32, 25, 1, 4, 19, 14, 16, 23, 8, 26, 29, 18, 24, 21, 10, 6, 11] with 1 clashes
Execution Time: 25.715637683868408 seconds

Run 52:
Solution: [17, 9, 26, 4, 25, 21, 3, 18, 27, 22, 12, 29, 6, 11, 5, 1, 20, 10, 23, 15, 32, 2, 28, 30, 8, 24, 13, 16, 31, 19, 7, 14] with 0 clashes
Execution Time: 6.066590070724487 seconds

Run 53:
Solution: [20, 17, 32, 7, 22, 26, 9, 18, 16, 24, 27, 2, 4, 9, 15, 8, 3, 30, 12, 19, 1, 31, 6, 21, 29, 11, 23, 5, 13, 28, 10, 14] with 1 clashes
Execution Time: 25.503992319107056 seconds

Run 54:
Solution: [18, 4, 19, 17, 6, 3, 16, 27, 8, 10, 28, 15, 31, 22, 13, 26, 21, 29, 24, 14, 9, 7, 30, 1, 12, 32, 5, 23, 11, 20, 2, 25] with 1 clashes
Execution Time: 25.52878189086914 seconds

Run 55:
Solution: [20, 30, 17, 19, 1, 24, 18, 5, 15, 8, 11, 7, 4, 31, 23, 25, 27, 22, 12, 9, 26, 29, 3, 10, 28, 13, 21, 16, 6, 32, 2, 14] with 1 clashes
Execution Time: 25.25920343399048 seconds

Run 56:
Solution: [10, 17, 13, 22, 7, 23, 2, 16, 31, 4, 27, 32, 18, 11, 21, 29, 20, 5, 3, 19, 6, 12, 9, 28, 25, 15, 1, 8, 30, 26, 24, 14] with 1 clashes
Execution Time: 25.261976957321167 seconds

Run 57:
Solution: [24, 22, 19, 13, 10, 20, 4, 27, 31, 9, 26, 16, 3, 17, 23, 29, 15, 25, 8, 30, 32, 1, 6, 18, 11, 21, 12, 28, 5, 7, 2, 14] with 1 clashes
Execution Time: 25.130587816238403 seconds

Run 58:
Solution: [15, 8, 5, 11, 27, 17, 28, 21, 29, 2, 10, 13, 23, 12, 32, 24, 7, 1, 3, 14, 6, 9, 20, 4, 30, 26, 31, 16, 25, 19, 22, 18] with 0 clashes
Execution Time: 2.6887149810791016 seconds

Run 59:
Solution: [24, 14, 30, 9, 19, 32, 20, 4, 6, 29, 17, 23, 8, 22, 15, 3, 5, 11, 1, 27, 10, 26, 21, 25, 28, 16, 18, 13, 31, 7, 12, 2] with 0 clashes
Execution Time: 5.379957914352417 seconds

Run 60:
Solution: [19, 3, 11, 13, 32, 4, 23, 14, 22, 15, 5, 31, 16, 21, 30, 26, 2, 6, 8, 1, 17, 12, 10, 28, 7, 18, 29, 25, 20, 9, 24, 27] with 0 clashes
Execution Time: 7.009145259857178 seconds

Run 61:
Solution: [19, 13, 27, 32, 17, 2, 10, 24, 15, 23, 16, 26, 3, 12, 30, 18, 20, 1, 6, 8, 22, 29, 31, 28, 25, 21, 4, 7, 20, 11, 9, 5] with 3 clashes
Execution Time: 25.041237592697144 seconds

Run 62:
Solution: [30, 13, 7, 31, 12, 22, 5, 29, 21, 3, 16, 6, 8, 24, 32, 18, 23, 1, 20, 2, 11, 14, 10, 27, 4, 17, 26, 28, 25, 15, 19, 9] with 0 clashes
Execution Time: 3.0373165607452393 seconds

Run 63:
Solution: [27, 23, 20, 6, 29, 25, 11, 19, 7, 4, 10, 8, 13, 30, 2, 22, 32, 15, 24, 12, 3, 17, 31, 5, 26, 9, 28, 14, 1, 18, 16, 21] with 1 clashes
Execution Time: 25.407459259033203 seconds

Run 64:
Solution: [14, 26, 19, 21, 2, 13, 11, 4, 17, 29, 20, 12, 3, 24, 30, 5, 23, 32, 1, 15, 8, 27, 7, 10, 18, 25, 6, 16, 31, 28, 22, 9] with 0 clashes
Execution Time: 3.575878143310547 seconds

Run 65:
Solution: [8, 15, 26, 9, 17, 31, 23, 30, 19, 5, 32, 29, 11, 13, 18, 2, 14, 1, 4, 24, 27, 12, 3, 25, 21, 28, 20, 7, 16, 6, 22, 10] with 0 clashes
Execution Time: 7.674625635147095 seconds

Run 66:
Solution: [16, 18, 26, 6, 25, 17, 12, 5, 31, 28, 4, 15, 19, 21, 3, 30, 8, 10, 32, 1, 29, 23, 13, 20, 9, 11, 22, 14, 27, 24, 2, 7] with 0 clashes
Execution Time: 3.5405101776123047 seconds

Run 67:
Solution: [1, 27, 14, 11, 18, 12, 24, 3, 10, 26, 23, 15, 7, 16, 29, 6, 30, 20, 2, 5, 31, 4, 9, 13, 21, 17, 32, 25, 22, 28, 19, 8] with 2 clashes
Execution Time: 25.073279857635498 seconds

Run 68:
Solution: [11, 3, 25, 4, 22, 19, 9, 16, 24, 7, 20, 18, 2, 28, 31, 27, 12, 30, 26, 6, 13, 1, 21, 17, 29, 14, 23, 10, 32, 5, 8, 15] with 0 clashes
Execution Time: 6.698570966720581 seconds

Run 69:
Solution: [19, 22, 16, 7, 1, 28, 5, 17, 23, 12, 26, 31, 29, 21, 3, 13, 27, 9, 11, 20, 10, 16, 6, 2, 24, 30, 14, 8, 4, 15, 32, 25] with 2 clashes
Execution Time: 25.25294065475464 seconds

Run 70:
Solution: [23, 18, 27, 13, 9, 5, 15, 2, 30, 25, 8, 31, 16, 12, 1, 29, 4, 28, 19, 3, 10, 6, 24, 26, 7, 14, 32, 20, 22, 11, 21, 17] with 0 clashes
Execution Time: 14.365244626998901 seconds

Run 71:
Solution: [20, 15, 5, 22, 19, 12, 31, 3, 16, 26, 8, 10, 2, 23, 27, 24, 11, 29, 4, 13, 25, 21, 28, 6, 9, 1, 17, 7, 30, 18, 14, 32] with 0 clashes
Execution Time: 2.6198477745056152 seconds

Run 72:
Solution: [13, 22, 4, 6, 24, 10, 18, 14, 26, 28, 9, 5, 29, 17, 25, 7, 1, 31, 11, 27, 15, 30, 32, 2, 20, 8, 23, 16, 19, 3, 12, 21] with 0 clashes
Execution Time: 6.493140935897827 seconds

Run 73:
Solution: [27, 9, 13, 31, 16, 20, 2, 5, 24, 4, 11, 32, 19, 26, 8, 21, 1, 18, 22, 7, 10, 30, 15, 25, 29, 3, 12, 6, 17, 28, 14, 23] with 1 clashes
Execution Time: 25.11817169189453 seconds

Run 74:
Solution: [16, 22, 2, 14, 23, 6, 13, 30, 32, 17, 3, 24, 18, 7, 4, 27, 12, 26, 21, 10, 25, 20, 11, 15, 1, 29, 8, 5, 9, 31, 28, 19] with 1 clashes
Execution Time: 25.24058437347412 seconds

Run 75:
Solution: [8, 22, 14, 23, 5, 1, 15, 17, 27, 13, 7, 29, 26, 6, 19, 21, 2, 32, 12, 10, 31, 24, 20, 25, 4, 9, 18, 16, 28, 3, 11, 30] with 0 clashes
Execution Time: 17.309585094451904 seconds

Run 76:
Solution: [1, 27, 16, 18, 22, 3, 23, 32, 8, 21, 13, 24, 5, 29, 19, 9, 11, 26, 20, 29, 31, 28, 14, 2, 10, 15, 6, 4, 25, 12, 17, 30] with 1 clashes
Execution Time: 25.234193563461304 seconds

Run 77:
Solution: [16, 14, 9, 22, 31, 19, 8, 1, 29, 18, 2, 28, 24, 13, 20, 26, 3, 5, 15, 4, 10, 7, 32, 6, 23, 30, 27, 25, 17, 11, 21, 12] with 0 clashes
Execution Time: 1.5110540390014648 seconds

Run 78:
Solution: [15, 22, 6, 28, 10, 17, 11, 2, 25, 1, 32, 9, 20, 14, 30, 3, 13, 26, 18, 29, 19, 24, 12, 5, 31, 27, 4, 23, 21, 8, 16, 7] with 0 clashes
Execution Time: 21.211357593536377 seconds

Run 79:
Solution: [13, 6, 21, 17, 14, 9, 24, 3, 25, 8, 1, 32, 4, 22, 15, 27, 18, 23, 29, 12, 5, 28, 10, 31, 2, 20, 26, 30, 11, 19, 16, 7] with 0 clashes
Execution Time: 8.848772287368774 seconds

Run 80:
Solution: [21, 8, 4, 16, 32, 9, 11, 19, 27, 23, 2, 17, 6, 3, 30, 25, 13, 31, 29, 14, 5, 24, 20, 1, 7, 18, 15, 28, 12, 10, 26, 22] with 2 clashes
Execution Time: 25.653429985046387 seconds

Run 81:
Solution: [16, 21, 32, 26, 19, 15, 20, 17, 2, 5, 1, 30, 23, 12, 7, 4, 24, 29, 31, 14, 25, 22, 10, 8, 28, 3, 18, 9, 11, 13, 27, 6] with 1 clashes
Execution Time: 25.268306255340576 seconds

Run 82:
Solution: [26, 20, 31, 14, 27, 19, 13, 8, 17, 7, 4, 1, 16, 5, 32, 25, 28, 12, 9, 22, 3, 21, 15, 11, 23, 30, 10, 29, 24, 6, 2, 18] with 0 clashes
Execution Time: 3.608706474304199 seconds

Run 83:
Solution: [15, 19, 12, 16, 25, 31, 18, 3, 17, 2, 8, 5, 9, 26, 21, 7, 1, 20, 24, 30, 6, 10, 22, 27, 23, 13, 28, 32, 29, 11, 4, 14] with 1 clashes
Execution Time: 25.03337550163269 seconds

Run 84:
Solution: [18, 3, 19, 29, 2, 15, 20, 31, 8, 10, 32, 6, 16, 9, 21, 26, 14, 22, 30, 27, 7, 13, 25, 1, 5, 24, 11, 17, 12, 4, 23, 28] with 1 clashes
Execution Time: 25.217687845230103 seconds

Run 85:
Solution: [14, 9, 22, 31, 16, 18, 6, 29, 5, 12, 27, 4, 19, 17, 2, 13, 3, 23, 28, 8, 15, 32, 7, 24, 1, 30, 25, 11, 20, 10, 26, 21] with 0 clashes
Execution Time: 9.957018375396729 seconds

Run 86:
Solution: [2, 10, 29, 21, 19, 17, 1, 11, 32, 23, 7, 30, 25, 3, 6, 13, 9, 22, 24, 15, 28, 12, 8, 4, 31, 26, 20, 27, 16, 18, 5, 14] with 0 clashes
Execution Time: 4.8653998374938965 seconds

Run 87:
Solution: [18, 31, 9, 23, 10, 26, 17, 32, 1, 6, 2, 27, 21, 11, 5, 15, 30, 20, 22, 3, 8, 4, 12, 13, 25, 19, 28, 14, 7, 24, 29, 16] with 1 clashes
Execution Time: 25.01711130142212 seconds

Run 88:
Solution: [14, 26, 28, 22, 19, 10, 30, 11, 9, 12, 2, 17, 6, 20, 25, 1, 29, 27, 13, 21, 32, 5, 7, 31, 23, 16, 24, 15, 18, 3, 8, 4] with 1 clashes
Execution Time: 25.275443077087402 seconds

Run 89:
Solution: [29, 13, 1, 22, 28, 12, 6, 9, 26, 10, 8, 19, 15, 27, 25, 31, 4, 32, 3, 24, 30, 17, 2, 14, 7, 11, 18, 21, 5, 16, 23, 20] with 0 clashes
Execution Time: 14.717084407806396 seconds

Run 90:
Solution: [32, 11, 27, 7, 10, 28, 22, 15, 26, 21, 30, 8, 25, 12, 17, 9, 1, 3, 20, 24, 29, 2, 5, 18, 31, 14, 19, 23, 16, 13, 6, 4] with 0 clashes
Execution Time: 3.988748788833618 seconds

Run 91:
Solution: [24, 9, 32, 25, 18, 3, 17, 7, 8, 30, 28, 1, 19, 22, 13, 27, 4, 20, 12, 10, 6, 31, 14, 2, 21, 26, 15, 29, 5, 11, 23, 16] with 1 clashes
Execution Time: 25.08106756210327 seconds

Run 92:
Solution: [24, 10, 20, 18, 2, 15, 26, 6, 4, 28, 32, 3, 13, 30, 27, 1, 11, 14, 16, 19, 25, 23, 7, 29, 31, 5, 9, 21, 12, 22, 17, 8] with 1 clashes
Execution Time: 25.758718967437744 seconds

Run 93:
Solution: [23, 13, 4, 28, 8, 24, 2, 10, 29, 16, 3, 22, 30, 7, 5, 32, 11, 18, 6, 27, 1, 20, 12, 15, 21, 25, 31, 9, 26, 14, 19, 17] with 0 clashes
Execution Time: 2.369786262512207 seconds

Run 94:
Solution: [24, 26, 9, 14, 31, 11, 25, 19, 4, 1, 18, 8, 17, 30, 16, 23, 20, 5, 32, 6, 3, 12, 15, 22, 2, 7, 27, 21, 28, 13, 10, 29] with 2 clashes
Execution Time: 25.30259370803833 seconds

Run 95:
Solution: [22, 7, 25, 27, 17, 15, 11, 2, 23, 3, 18, 8, 32, 24, 12, 14, 30, 6, 21, 5, 16, 28, 31, 10, 1, 29, 26, 20, 4, 9, 13, 19] with 0 clashes
Execution Time: 5.80193829536438 seconds

Run 96:
Solution: [23, 1, 3, 12, 18, 13, 30, 17, 2, 24, 32, 21, 4, 8, 26, 11, 27, 22, 7, 25, 10, 6, 19, 14, 5, 29, 9, 20, 31, 16, 28, 15] with 1 clashes
Execution Time: 25.17531108856201 seconds

Run 97:
Solution: [9, 21, 18, 8, 6, 32, 13, 7, 22, 26, 16, 4, 1, 23, 17, 30, 27, 29, 31, 14, 5, 2, 20, 11, 15, 3, 25, 28, 12, 19, 24, 10] with 0 clashes
Execution Time: 21.72476363182068 seconds

Run 98:
Solution: [8, 20, 5, 17, 19, 11, 27, 6, 10, 26, 32, 29, 2, 23, 14, 7, 1, 15, 30, 28, 4, 16, 9, 3, 31, 21, 12, 18, 25, 22, 24, 13] with 0 clashes
Execution Time: 1.4912621974945068 seconds

Run 99:
Solution: [27, 18, 10, 12, 22, 17, 26, 9, 15, 4, 23, 32, 13, 16, 3, 5, 2, 28, 24, 7, 30, 14, 19, 8, 29, 21, 11, 31, 20, 1, 6, 25] with 2 clashes
Execution Time: 25.384026050567627 seconds

Run 100:
Solution: [15, 23, 2, 10, 4, 32, 5, 21, 13, 22, 28, 3, 20, 9, 31, 16, 7, 29, 8, 14, 30, 18, 26, 11, 27, 19, 1, 25, 12, 6, 17, 24] with 2 clashes
Execution Time: 25.330103874206543 seconds

