Run 1:
Solution: [22, 28, 16, 10, 4, 18, 8, 17, 7, 21, 26, 14, 23, 3, 6, 12, 25, 2, 19, 24, 13, 27, 9, 5, 15, 1, 20, 11] with 0 clashes
Execution Time: 8.043184995651245 seconds

Run 2:
Solution: [4, 16, 24, 15, 7, 25, 6, 9, 14, 28, 21, 18, 1, 8, 10, 5, 3, 22, 27, 17, 12, 2, 19, 11, 23, 26, 20, 13] with 0 clashes
Execution Time: 2.2977073192596436 seconds

Run 3:
Solution: [5, 11, 22, 27, 19, 26, 3, 10, 14, 28, 17, 4, 23, 12, 18, 6, 2, 25, 8, 1, 9, 15, 24, 21, 16, 20, 13, 7] with 0 clashes
Execution Time: 1.1391141414642334 seconds

Run 4:
Solution: [6, 20, 10, 21, 15, 5, 26, 16, 1, 24, 8, 18, 25, 3, 17, 2, 28, 19, 22, 11, 14, 7, 27, 4, 23, 13, 9, 12] with 0 clashes
Execution Time: 1.5253269672393799 seconds

Run 5:
Solution: [22, 10, 6, 13, 21, 26, 8, 23, 16, 12, 9, 7, 5, 25, 20, 28, 11, 24, 18, 1, 17, 2, 27, 3, 15, 4, 14, 19] with 0 clashes
Execution Time: 1.679326057434082 seconds

Run 6:
Solution: [1, 24, 19, 8, 10, 13, 22, 17, 11, 4, 6, 25, 5, 26, 23, 14, 16, 28, 20, 7, 27, 2, 9, 12, 3, 15, 18, 21] with 0 clashes
Execution Time: 2.9725470542907715 seconds

Run 7:
Solution: [20, 11, 16, 24, 26, 6, 13, 9, 2, 14, 7, 22, 28, 19, 1, 27, 15, 21, 4, 10, 23, 5, 3, 18, 12, 25, 8, 17] with 0 clashes
Execution Time: 11.588009357452393 seconds

Run 8:
Solution: [28, 19, 12, 14, 6, 13, 2, 4, 1, 23, 15, 26, 21, 8, 17, 9, 7, 24, 5, 20, 18, 27, 22, 11, 3, 10, 25, 16] with 1 clashes
Execution Time: 20.100382089614868 seconds

Run 9:
Solution: [9, 23, 20, 16, 3, 7, 26, 22, 5, 1, 11, 25, 6, 17, 19, 13, 27, 10, 2, 4, 28, 24, 12, 18, 15, 21, 14, 8] with 0 clashes
Execution Time: 2.765510320663452 seconds

Run 10:
Solution: [23, 12, 9, 1, 20, 7, 14, 21, 11, 24, 4, 16, 25, 17, 26, 2, 5, 27, 8, 3, 15, 18, 28, 6, 10, 13, 22, 19] with 0 clashes
Execution Time: 2.378763437271118 seconds

Run 11:
Solution: [19, 13, 12, 6, 21, 7, 20, 15, 9, 4, 1, 24, 18, 3, 14, 8, 25, 28, 16, 23, 27, 10, 2, 17, 5, 11, 22, 26] with 1 clashes
Execution Time: 21.94785785675049 seconds

Run 12:
Solution: [26, 13, 22, 18, 6, 1, 7, 25, 11, 19, 15, 20, 5, 2, 9, 28, 23, 3, 16, 10, 24, 27, 14, 17, 21, 12, 4, 8] with 0 clashes
Execution Time: 8.193071603775024 seconds

Run 13:
Solution: [15, 23, 12, 14, 21, 6, 4, 19, 10, 18, 2, 5, 26, 8, 22, 20, 7, 13, 1, 25, 17, 24, 11, 16, 28, 9, 3, 27] with 0 clashes
Execution Time: 2.2714905738830566 seconds

Run 14:
Solution: [11, 25, 7, 4, 24, 8, 15, 13, 2, 22, 17, 19, 10, 28, 26, 1, 3, 27, 20, 18, 5, 12, 14, 6, 21, 9, 16, 23] with 0 clashes
Execution Time: 2.213041067123413 seconds

Run 15:
Solution: [10, 6, 15, 11, 8, 25, 7, 19, 26, 28, 12, 14, 23, 20, 13, 24, 4, 1, 18, 5, 3, 27, 9, 21, 17, 22, 2, 16] with 0 clashes
Execution Time: 2.868990421295166 seconds

Run 16:
Solution: [22, 24, 8, 2, 12, 23, 15, 26, 5, 10, 25, 18, 6, 17, 3, 11, 21, 28, 20, 1, 4, 19, 14, 9, 7, 16, 13, 27] with 0 clashes
Execution Time: 2.0268914699554443 seconds

Run 17:
Solution: [13, 17, 3, 14, 12, 20, 16, 25, 4, 26, 19, 9, 2, 6, 28, 21, 5, 22, 15, 7, 11, 24, 1, 18, 23, 27, 8, 10] with 0 clashes
Execution Time: 7.1228625774383545 seconds

Run 18:
Solution: [14, 12, 10, 6, 6, 20, 5, 23, 25, 15, 17, 8, 16, 3, 24, 28, 4, 18, 27, 13, 1, 26, 7, 21, 2, 11, 22, 19] with 1 clashes
Execution Time: 22.015482664108276 seconds

Run 19:
Solution: [6, 21, 14, 12, 17, 27, 22, 5, 2, 4, 20, 8, 13, 24, 28, 3, 18, 16, 23, 26, 7, 10, 25, 1, 15, 11, 9, 19] with 0 clashes
Execution Time: 2.283273458480835 seconds

Run 20:
Solution: [9, 17, 26, 14, 23, 10, 28, 5, 18, 15, 22, 25, 1, 7, 27, 6, 19, 12, 20, 3, 13, 2, 8, 24, 16, 21, 11, 4] with 0 clashes
Execution Time: 4.2761030197143555 seconds

Run 21:
Solution: [14, 2, 25, 9, 16, 23, 11, 18, 15, 28, 20, 8, 1, 5, 10, 24, 6, 4, 17, 27, 13, 19, 22, 3, 26, 7, 12, 21] with 0 clashes
Execution Time: 4.372705936431885 seconds

Run 22:
Solution: [13, 24, 21, 15, 7, 23, 26, 9, 4, 20, 11, 16, 2, 28, 8, 19, 3, 25, 17, 5, 18, 27, 22, 14, 6, 1, 10, 12] with 0 clashes
Execution Time: 3.378068685531616 seconds

Run 23:
Solution: [22, 10, 17, 21, 27, 9, 3, 13, 24, 16, 6, 4, 15, 23, 19, 14, 5, 28, 26, 11, 20, 7, 1, 18, 2, 12, 8, 25] with 0 clashes
Execution Time: 1.77791166305542 seconds

Run 24:
Solution: [10, 15, 25, 20, 28, 26, 19, 11, 9, 21, 16, 4, 8, 1, 23, 6, 13, 2, 17, 3, 27, 24, 12, 5, 18, 14, 7, 22] with 0 clashes
Execution Time: 3.6596922874450684 seconds

Run 25:
Solution: [9, 20, 13, 8, 4, 11, 27, 17, 22, 3, 26, 12, 2, 21, 10, 14, 1, 5, 25, 6, 15, 19, 24, 16, 28, 7, 23, 18] with 1 clashes
Execution Time: 21.91922402381897 seconds

Run 26:
Solution: [10, 28, 19, 9, 26, 14, 1, 27, 6, 23, 18, 22, 15, 13, 3, 7, 4, 24, 5, 12, 17, 25, 21, 2, 20, 11, 16, 8] with 0 clashes
Execution Time: 10.708380699157715 seconds

Run 27:
Solution: [11, 5, 17, 2, 13, 10, 22, 3, 18, 15, 8, 19, 24, 26, 28, 1, 7, 14, 20, 6, 12, 16, 25, 23, 9, 4, 27, 21] with 0 clashes
Execution Time: 1.539261817932129 seconds

Run 28:
Solution: [20, 27, 6, 8, 14, 22, 19, 10, 26, 7, 4, 11, 21, 25, 9, 17, 3, 28, 24, 12, 16, 18, 13, 1, 23, 5, 15, 2] with 0 clashes
Execution Time: 1.9363181591033936 seconds

Run 29:
Solution: [14, 27, 21, 10, 15, 4, 16, 8, 13, 11, 23, 26, 28, 3, 20, 24, 19, 12, 6, 17, 5, 25, 9, 7, 2, 22, 1, 18] with 0 clashes
Execution Time: 11.47263765335083 seconds

Run 30:
Solution: [15, 10, 18, 22, 3, 26, 12, 25, 8, 17, 20, 24, 5, 14, 19, 7, 28, 4, 1, 21, 9, 2, 6, 13, 27, 16, 11, 23] with 0 clashes
Execution Time: 1.6930921077728271 seconds

Run 31:
Solution: [11, 20, 16, 6, 21, 9, 26, 1, 14, 7, 5, 18, 19, 28, 10, 27, 3, 17, 2, 8, 13, 23, 4, 22, 25, 15, 12, 24] with 1 clashes
Execution Time: 21.53952193260193 seconds

Run 32:
Solution: [20, 26, 21, 13, 11, 2, 7, 18, 1, 8, 16, 25, 12, 5, 23, 17, 28, 4, 22, 3, 14, 9, 27, 19, 15, 10, 24, 6] with 0 clashes
Execution Time: 3.4417529106140137 seconds

Run 33:
Solution: [19, 2, 8, 26, 22, 10, 18, 5, 25, 9, 12, 27, 1, 4, 7, 28, 23, 20, 13, 15, 24, 6, 3, 17, 21, 11, 16, 14] with 0 clashes
Execution Time: 5.385143518447876 seconds

Run 34:
Solution: [9, 18, 3, 11, 27, 16, 19, 23, 12, 1, 6, 17, 15, 20, 28, 14, 2, 5, 8, 13, 4, 26, 22, 25, 21, 10, 24, 7] with 0 clashes
Execution Time: 4.790337085723877 seconds

Run 35:
Solution: [20, 11, 23, 14, 17, 24, 12, 4, 1, 5, 18, 28, 3, 27, 13, 16, 21, 15, 6, 19, 22, 25, 8, 26, 2, 10, 7, 9] with 0 clashes
Execution Time: 3.1214194297790527 seconds

Run 36:
Solution: [5, 14, 22, 18, 8, 13, 24, 26, 17, 20, 4, 2, 10, 3, 28, 25, 12, 6, 1, 19, 15, 23, 9, 16, 21, 11, 27, 7] with 0 clashes
Execution Time: 1.8605186939239502 seconds

Run 37:
Solution: [10, 17, 15, 2, 7, 8, 25, 28, 6, 27, 18, 12, 4, 20, 16, 26, 9, 23, 3, 24, 14, 11, 5, 19, 21, 1, 13, 22] with 1 clashes
Execution Time: 21.702319860458374 seconds

Run 38:
Solution: [17, 8, 13, 21, 23, 2, 20, 16, 28, 3, 6, 9, 7, 1, 14, 19, 5, 27, 24, 22, 10, 26, 15, 25, 11, 4, 12, 18] with 0 clashes
Execution Time: 2.403564453125 seconds

Run 39:
Solution: [26, 10, 23, 17, 4, 11, 13, 6, 19, 14, 28, 1, 27, 21, 7, 2, 8, 5, 15, 22, 24, 16, 18, 12, 25, 3, 20, 9] with 0 clashes
Execution Time: 1.5948951244354248 seconds

Run 40:
Solution: [18, 22, 10, 6, 15, 3, 7, 17, 25, 23, 5, 16, 27, 13, 26, 1, 4, 8, 12, 2, 24, 28, 21, 19, 14, 9, 11, 20] with 0 clashes
Execution Time: 3.97969388961792 seconds

Run 41:
Solution: [9, 7, 21, 14, 22, 13, 5, 27, 11, 26, 15, 25, 4, 28, 18, 16, 6, 10, 20, 1, 17, 8, 2, 23, 19, 3, 24, 12] with 0 clashes
Execution Time: 3.255136251449585 seconds

Run 42:
Solution: [18, 10, 7, 13, 25, 16, 28, 24, 2, 15, 25, 12, 8, 20, 3, 27, 19, 5, 1, 11, 6, 23, 21, 14, 4, 22, 26, 9] with 2 clashes
Execution Time: 20.08915948867798 seconds

Run 43:
Solution: [6, 21, 14, 11, 20, 28, 2, 22, 15, 23, 8, 24, 7, 13, 16, 26, 1, 3, 9, 12, 19, 25, 27, 5, 18, 4, 10, 17] with 1 clashes
Execution Time: 21.40751576423645 seconds

Run 44:
Solution: [18, 14, 23, 17, 10, 3, 22, 12, 16, 2, 7, 1, 4, 9, 24, 27, 15, 20, 5, 28, 21, 25, 11, 6, 8, 19, 26, 13] with 0 clashes
Execution Time: 4.852730989456177 seconds

Run 45:
Solution: [1, 26, 21, 25, 9, 20, 10, 7, 18, 15, 22, 27, 3, 8, 23, 4, 6, 13, 2, 16, 28, 19, 14, 11, 17, 24, 5, 12] with 0 clashes
Execution Time: 12.394434690475464 seconds

Run 46:
Solution: [15, 10, 12, 21, 17, 3, 13, 9, 25, 1, 24, 2, 23, 14, 4, 27, 16, 11, 7, 18, 6, 8, 19, 26, 28, 5, 22, 20] with 0 clashes
Execution Time: 20.973312616348267 seconds

Run 47:
Solution: [5, 19, 15, 13, 18, 4, 12, 27, 24, 28, 14, 20, 23, 1, 22, 10, 7, 9, 3, 26, 21, 8, 11, 17, 6, 2, 16, 25] with 0 clashes
Execution Time: 5.473242521286011 seconds

Run 48:
Solution: [4, 10, 25, 27, 18, 1, 6, 26, 16, 11, 28, 24, 22, 12, 7, 2, 21, 9, 13, 20, 3, 15, 19, 5, 8, 23, 14, 17] with 0 clashes
Execution Time: 2.2530128955841064 seconds

Run 49:
Solution: [17, 21, 16, 10, 28, 6, 15, 9, 26, 5, 25, 1, 24, 18, 12, 8, 27, 23, 2, 11, 7, 3, 19, 14, 4, 13, 20, 22] with 0 clashes
Execution Time: 2.615166187286377 seconds

Run 50:
Solution: [1, 9, 23, 19, 16, 14, 25, 6, 22, 20, 2, 24, 3, 28, 10, 12, 18, 15, 21, 4, 8, 5, 26, 17, 13, 11, 7, 27] with 0 clashes
Execution Time: 3.3667335510253906 seconds

Run 51:
Solution: [11, 21, 7, 9, 3, 15, 22, 16, 26, 12, 17, 24, 2, 25, 28, 4, 10, 1, 18, 27, 5, 8, 19, 14, 20, 23, 6, 13] with 0 clashes
Execution Time: 3.2028114795684814 seconds

Run 52:
Solution: [12, 20, 24, 27, 3, 10, 8, 15, 23, 26, 14, 2, 5, 19, 6, 18, 25, 1, 16, 9, 7, 4, 22, 17, 13, 11, 21, 28] with 0 clashes
Execution Time: 1.9749372005462646 seconds

Run 53:
Solution: [17, 4, 18, 21, 5, 10, 1, 28, 8, 13, 3, 20, 27, 15, 22, 26, 14, 23, 25, 6, 9, 12, 16, 19, 2, 7, 11, 24] with 0 clashes
Execution Time: 2.8767199516296387 seconds

Run 54:
Solution: [5, 15, 8, 20, 16, 13, 21, 25, 27, 2, 14, 18, 28, 1, 3, 10, 26, 17, 4, 11, 19, 23, 6, 24, 7, 12, 22, 9] with 0 clashes
Execution Time: 17.78151559829712 seconds

Run 55:
Solution: [20, 12, 8, 19, 13, 2, 28, 9, 11, 21, 5, 7, 25, 1, 18, 14, 24, 10, 23, 4, 27, 15, 6, 3, 22, 17, 26, 16] with 0 clashes
Execution Time: 3.92807936668396 seconds

Run 56:
Solution: [19, 22, 12, 1, 18, 23, 3, 13, 10, 2, 15, 5, 27, 8, 21, 16, 25, 7, 14, 11, 20, 24, 4, 6, 28, 9, 17, 26] with 0 clashes
Execution Time: 2.202559471130371 seconds

Run 57:
Solution: [11, 13, 5, 20, 8, 1, 16, 6, 10, 17, 19, 24, 28, 3, 7, 12, 22, 2, 25, 14, 21, 15, 27, 9, 4, 23, 26, 18] with 0 clashes
Execution Time: 12.165804147720337 seconds

Run 58:
Solution: [5, 1, 16, 11, 17, 28, 22, 8, 15, 27, 2, 20, 10, 6, 18, 26, 4, 12, 19, 25, 14, 24, 3, 7, 23, 21, 9, 13] with 1 clashes
Execution Time: 24.43767809867859 seconds

Run 59:
Solution: [17, 21, 3, 5, 19, 14, 25, 11, 18, 16, 4, 24, 1, 8, 2, 27, 13, 10, 26, 22, 20, 7, 28, 15, 23, 9, 6, 12] with 0 clashes
Execution Time: 1.2376024723052979 seconds

Run 60:
Solution: [4, 1, 20, 13, 24, 7, 12, 10, 16, 28, 3, 23, 17, 8, 21, 26, 15, 19, 27, 11, 18, 2, 5, 9, 25, 14, 22, 6] with 1 clashes
Execution Time: 21.058683395385742 seconds

Run 61:
Solution: [5, 18, 1, 11, 6, 23, 16, 8, 21, 12, 7, 27, 4, 22, 17, 10, 2, 28, 24, 13, 3, 19, 26, 14, 20, 25, 15, 9] with 1 clashes
Execution Time: 21.46366238594055 seconds

Run 62:
Solution: [9, 2, 27, 10, 26, 13, 17, 21, 14, 1, 28, 5, 12, 6, 3, 25, 20, 15, 23, 7, 19, 16, 24, 4, 11, 8, 22, 18] with 0 clashes
Execution Time: 13.952261447906494 seconds

Run 63:
Solution: [17, 13, 11, 22, 19, 3, 9, 4, 26, 23, 16, 24, 8, 14, 25, 1, 5, 7, 28, 10, 2, 20, 6, 15, 18, 12, 21, 27] with 0 clashes
Execution Time: 14.341643810272217 seconds

Run 64:
Solution: [22, 10, 8, 14, 20, 18, 27, 6, 12, 21, 24, 7, 9, 2, 17, 1, 3, 19, 26, 13, 15, 4, 23, 28, 5, 16, 11, 25] with 0 clashes
Execution Time: 3.5383460521698 seconds

Run 65:
Solution: [22, 9, 7, 23, 3, 18, 8, 13, 20, 10, 27, 25, 19, 5, 1, 6, 14, 26, 28, 16, 4, 17, 11, 2, 24, 15, 21, 12] with 0 clashes
Execution Time: 2.0779459476470947 seconds

Run 66:
Solution: [11, 6, 10, 26, 28, 12, 24, 20, 27, 1, 8, 17, 21, 7, 9, 19, 15, 5, 18, 2, 4, 23, 3, 14, 25, 22, 16, 13] with 0 clashes
Execution Time: 2.380084991455078 seconds

Run 67:
Solution: [9, 14, 21, 2, 6, 23, 20, 13, 19, 4, 22, 1, 5, 28, 10, 15, 26, 18, 7, 3, 25, 12, 17, 27, 16, 11, 8, 24] with 1 clashes
Execution Time: 20.706427574157715 seconds

Run 68:
Solution: [15, 13, 26, 16, 3, 28, 4, 23, 1, 20, 10, 12, 6, 9, 24, 19, 5, 25, 8, 22, 17, 27, 14, 2, 11, 7, 21, 18] with 0 clashes
Execution Time: 6.232548713684082 seconds

Run 69:
Solution: [28, 23, 20, 8, 10, 22, 9, 11, 5, 16, 25, 12, 26, 6, 3, 1, 15, 4, 27, 7, 14, 19, 17, 13, 24, 21, 18, 2] with 0 clashes
Execution Time: 4.811254501342773 seconds

Run 70:
Solution: [20, 23, 16, 8, 28, 17, 1, 9, 15, 3, 21, 26, 22, 12, 7, 24, 13, 2, 10, 19, 6, 25, 11, 4, 27, 5, 14, 18] with 0 clashes
Execution Time: 3.6949005126953125 seconds

Run 71:
Solution: [18, 7, 10, 26, 6, 14, 16, 23, 19, 12, 24, 15, 4, 1, 3, 27, 17, 22, 5, 13, 20, 28, 2, 8, 21, 11, 9, 25] with 0 clashes
Execution Time: 2.108795404434204 seconds

Run 72:
Solution: [15, 1, 12, 21, 16, 18, 26, 11, 5, 3, 9, 25, 14, 22, 20, 6, 17, 24, 10, 8, 2, 4, 27, 7, 19, 28, 13, 23] with 0 clashes
Execution Time: 3.29116153717041 seconds

Run 73:
Solution: [20, 6, 10, 18, 11, 1, 27, 17, 8, 21, 9, 25, 16, 26, 3, 7, 2, 12, 24, 28, 23, 5, 13, 4, 22, 15, 19, 14] with 0 clashes
Execution Time: 1.9116425514221191 seconds

Run 74:
Solution: [12, 15, 28, 23, 10, 14, 1, 6, 25, 13, 11, 26, 20, 5, 21, 9, 4, 19, 16, 8, 22, 24, 27, 2, 7, 18, 3, 17] with 1 clashes
Execution Time: 19.777120351791382 seconds

Run 75:
Solution: [15, 12, 10, 20, 26, 5, 13, 2, 24, 22, 11, 17, 4, 23, 3, 9, 21, 1, 27, 7, 18, 14, 25, 19, 28, 16, 8, 6] with 0 clashes
Execution Time: 4.624451398849487 seconds

Run 76:
Solution: [10, 28, 9, 21, 4, 1, 14, 27, 13, 8, 16, 20, 2, 25, 11, 26, 19, 15, 5, 3, 22, 6, 17, 24, 12, 18, 7, 3] with 1 clashes
Execution Time: 19.453087091445923 seconds

Run 77:
Solution: [19, 13, 9, 6, 2, 11, 27, 1, 24, 22, 10, 25, 16, 21, 7, 14, 8, 26, 5, 3, 17, 23, 18, 12, 15, 20, 4, 28] with 0 clashes
Execution Time: 3.2134435176849365 seconds

Run 78:
Solution: [21, 18, 15, 13, 24, 17, 2, 11, 1, 6, 26, 22, 14, 19, 28, 23, 4, 20, 27, 10, 7, 3, 12, 8, 16, 5, 9, 25] with 0 clashes
Execution Time: 2.2864184379577637 seconds

Run 79:
Solution: [21, 11, 24, 10, 18, 2, 26, 22, 19, 8, 1, 4, 25, 17, 9, 27, 12, 3, 16, 20, 5, 23, 14, 28, 7, 13, 15, 6] with 0 clashes
Execution Time: 4.996944904327393 seconds

Run 80:
Solution: [8, 6, 27, 12, 22, 5, 17, 23, 9, 19, 4, 26, 10, 3, 28, 21, 11, 16, 25, 2, 24, 18, 13, 15, 1, 7, 14, 20] with 0 clashes
Execution Time: 2.365931987762451 seconds

Run 81:
Solution: [7, 17, 23, 28, 1, 22, 6, 8, 26, 14, 19, 10, 20, 15, 3, 18, 27, 5, 24, 11, 4, 25, 16, 21, 2, 12, 9, 13] with 0 clashes
Execution Time: 6.345839977264404 seconds

Run 82:
Solution: [22, 19, 6, 18, 14, 12, 27, 7, 3, 21, 24, 2, 28, 15, 17, 4, 10, 25, 5, 16, 26, 20, 23, 1, 8, 13, 11, 9] with 0 clashes
Execution Time: 3.1928696632385254 seconds

Run 83:
Solution: [5, 18, 12, 25, 28, 8, 14, 1, 9, 15, 24, 27, 19, 26, 23, 10, 20, 4, 11, 21, 3, 6, 13, 7, 2, 17, 22, 16] with 0 clashes
Execution Time: 1.9369847774505615 seconds

Run 84:
Solution: [14, 1, 15, 4, 26, 21, 9, 3, 12, 28, 17, 23, 11, 8, 2, 20, 25, 27, 24, 6, 13, 19, 16, 5, 7, 22, 10, 18] with 0 clashes
Execution Time: 1.9136545658111572 seconds

Run 85:
Solution: [9, 19, 14, 25, 6, 18, 23, 17, 13, 2, 4, 27, 15, 28, 20, 22, 3, 8, 26, 7, 10, 1, 21, 12, 16, 11, 24, 5] with 0 clashes
Execution Time: 11.744631052017212 seconds

Run 86:
Solution: [9, 24, 28, 19, 3, 8, 18, 11, 21, 5, 2, 17, 22, 27, 1, 4, 7, 10, 13, 16, 25, 15, 20, 23, 14, 26, 6, 12] with 0 clashes
Execution Time: 1.8274118900299072 seconds

Run 87:
Solution: [22, 18, 5, 28, 13, 10, 24, 9, 15, 20, 3, 27, 12, 8, 4, 23, 26, 11, 17, 1, 6, 19, 14, 2, 25, 21, 7, 16] with 1 clashes
Execution Time: 19.728769302368164 seconds

Run 88:
Solution: [13, 7, 17, 11, 28, 19, 22, 3, 12, 26, 20, 23, 4, 18, 8, 10, 5, 1, 9, 21, 27, 24, 15, 6, 2, 25, 16, 14] with 0 clashes
Execution Time: 6.343668460845947 seconds

Run 89:
Solution: [2, 16, 3, 23, 25, 13, 4, 17, 8, 18, 15, 27, 1, 10, 5, 21, 28, 24, 22, 12, 14, 9, 6, 26, 11, 20, 7, 19] with 0 clashes
Execution Time: 13.224868297576904 seconds

Run 90:
Solution: [26, 9, 20, 18, 23, 1, 28, 13, 11, 8, 2, 21, 25, 3, 15, 10, 14, 19, 6, 4, 24, 7, 16, 12, 17, 22, 5, 27] with 0 clashes
Execution Time: 1.3509976863861084 seconds

Run 91:
Solution: [5, 18, 20, 28, 8, 11, 18, 3, 6, 16, 19, 21, 15, 26, 4, 2, 27, 25, 17, 7, 1, 13, 23, 14, 24, 22, 12, 9] with 1 clashes
Execution Time: 19.27321147918701 seconds

Run 92:
Solution: [21, 3, 18, 14, 7, 1, 26, 20, 2, 10, 24, 17, 12, 22, 9, 25, 28, 19, 11, 6, 27, 5, 8, 15, 13, 23, 16, 4] with 1 clashes
Execution Time: 19.545917510986328 seconds

Run 93:
Solution: [20, 16, 4, 15, 21, 2, 13, 25, 7, 12, 24, 1, 17, 26, 10, 8, 11, 18, 27, 23, 28, 9, 6, 3, 22, 19, 5, 14] with 0 clashes
Execution Time: 3.7646310329437256 seconds

Run 94:
Solution: [9, 14, 19, 13, 25, 8, 28, 18, 15, 11, 1, 26, 10, 6, 3, 23, 2, 16, 22, 7, 4, 27, 5, 24, 21, 17, 20, 12] with 0 clashes
Execution Time: 2.749520778656006 seconds

Run 95:
Solution: [21, 4, 22, 12, 18, 7, 14, 19, 2, 16, 8, 28, 1, 3, 5, 20, 11, 27, 10, 23, 26, 17, 15, 24, 9, 25, 6, 13] with 0 clashes
Execution Time: 4.855942010879517 seconds

Run 96:
Solution: [3, 8, 24, 11, 23, 25, 1, 9, 7, 19, 10, 20, 13, 5, 27, 6, 21, 28, 14, 16, 4, 2, 26, 17, 22, 18, 12, 15] with 0 clashes
Execution Time: 1.61674165725708 seconds

Run 97:
Solution: [6, 2, 10, 22, 17, 14, 4, 25, 15, 9, 21, 26, 3, 23, 28, 20, 12, 5, 11, 8, 24, 18, 16, 1, 19, 27, 7, 13] with 0 clashes
Execution Time: 3.2524688243865967 seconds

Run 98:
Solution: [19, 15, 11, 25, 17, 7, 27, 2, 24, 20, 1, 14, 18, 13, 26, 5, 8, 6, 23, 3, 16, 22, 9, 4, 28, 10, 12, 21] with 0 clashes
Execution Time: 2.653761625289917 seconds

Run 99:
Solution: [19, 10, 5, 11, 28, 4, 20, 18, 25, 15, 7, 2, 27, 14, 1, 22, 26, 12, 3, 24, 8, 13, 16, 21, 17, 6, 9, 23] with 0 clashes
Execution Time: 4.958861351013184 seconds

Run 100:
Solution: [13, 22, 14, 9, 7, 20, 2, 24, 10, 17, 5, 16, 28, 6, 25, 19, 26, 15, 12, 3, 27, 8, 21, 1, 4, 11, 23, 18] with 0 clashes
Execution Time: 17.938740491867065 seconds

