Run 1:_
Solution: [16, 1, 24, 32, 29, 13, 11, 2, 19, 12, 20, 30, 25, 9, 5, 17, 31, 14, 27, 4, 26, 3, 21, 6, 28, 23, 18, 15, 22, 7, 10, 8] with 0 clashes
Execution Time: 13.112641096115112 seconds

Run 2:
Solution: [25, 20, 7, 11, 13, 15, 1, 22, 14, 32, 21, 24, 3, 31, 28, 8, 23, 2, 18, 5, 17, 19, 12, 10, 6, 26, 30, 16, 4, 9, 29, 27] with 0 clashes
Execution Time: 22.215920209884644 seconds

Run 3:
Solution: [11, 32, 26, 5, 18, 4, 24, 13, 15, 17, 7, 27, 29, 3, 23, 28, 19, 2, 30, 8, 16, 31, 9, 1, 22, 25, 6, 20, 12, 10, 21, 14] with 0 clashes
Execution Time: 17.68888568878174 seconds

Run 4:
Solution: [6, 11, 29, 12, 24, 18, 23, 7, 10, 30, 3, 25, 20, 32, 5, 9, 1, 16, 2, 22, 15, 13, 26, 4, 31, 21, 27, 17, 14, 8, 19, 28] with 0 clashes
Execution Time: 4.368288040161133 seconds

Run 5:
Solution: [3, 27, 22, 4, 25, 15, 21, 18, 30, 9, 29, 1, 14, 6, 20, 7, 5, 24, 32, 17, 11, 2, 10, 28, 19, 8, 23, 31, 12, 16, 26, 13] with 0 clashes
Execution Time: 11.396026372909546 seconds

Run 6:
Solution: [18, 20, 15, 29, 25, 8, 28, 5, 16, 21, 9, 22, 32, 3, 31, 7, 10, 24, 19, 4, 11, 17, 26, 2, 30, 27, 13, 1, 14, 6, 23, 12] with 0 clashes
Execution Time: 8.561048746109009 seconds

Run 7:
Solution: [2, 9, 21, 4, 14, 29, 24, 30, 17, 6, 32, 25, 15, 13, 3, 20, 31, 7, 22, 1, 11, 28, 10, 16, 19, 23, 18, 26, 5, 12, 8, 27] with 0 clashes
Execution Time: 4.833028793334961 seconds

Run 8:
Solution: [15, 30, 11, 20, 5, 1, 28, 18, 3, 21, 16, 9, 6, 29, 27, 14, 24, 22, 25, 19, 2, 31, 13, 4, 26, 8, 10, 12, 17, 32, 7, 23] with 1 clashes
Execution Time: 25.534772396087646 seconds

Run 9:
Solution: [5, 14, 6, 17, 28, 11, 23, 27, 29, 31, 12, 3, 21, 4, 7, 9, 26, 2, 8, 16, 19, 32, 25, 18, 22, 13, 10, 1, 24, 15, 30, 20] with 0 clashes
Execution Time: 2.574022054672241 seconds

Run 10:
Solution: [14, 4, 29, 26, 20, 7, 17, 19, 25, 13, 10, 2, 32, 5, 24, 21, 31, 22, 27, 15, 28, 11, 8, 18, 1, 3, 9, 16, 12, 30, 23, 6] with 0 clashes
Execution Time: 4.883540630340576 seconds

Run 11:
Solution: [15, 28, 6, 2, 22, 25, 18, 14, 11, 31, 8, 17, 21, 32, 3, 20, 27, 30, 26, 12, 5, 13, 1, 4, 24, 16, 10, 29, 23, 9, 7, 19] with 0 clashes
Execution Time: 5.783129692077637 seconds

Run 12:
Solution: [15, 17, 25, 7, 9, 29, 19, 4, 20, 30, 10, 18, 11, 24, 31, 2, 5, 26, 14, 21, 6, 1, 13, 8, 12, 28, 16, 3, 23, 27, 22, 32] with 0 clashes
Execution Time: 4.37281608581543 seconds

Run 13:
Solution: [5, 30, 12, 6, 20, 32, 21, 19, 10, 29, 7, 17, 11, 9, 31, 26, 23, 2, 18, 14, 28, 4, 13, 27, 25, 15, 8, 3, 16, 22, 24, 1] with 0 clashes
Execution Time: 6.734786510467529 seconds

Run 14:
Solution: [15, 13, 23, 8, 14, 3, 24, 9, 16, 26, 11, 1, 32, 29, 6, 12, 10, 21, 25, 28, 31, 27, 18, 22, 17, 4, 2, 7, 5, 20, 30, 19] with 0 clashes
Execution Time: 8.286577463150024 seconds

Run 15:
Solution: [9, 12, 2, 8, 27, 23, 26, 5, 18, 11, 6, 28, 15, 29, 22, 10, 3, 24, 32, 25, 17, 14, 7, 1, 16, 13, 30, 21, 19, 4, 31, 20] with 0 clashes
Execution Time: 22.354769468307495 seconds

Run 16:
Solution: [16, 22, 12, 10, 24, 2, 20, 3, 21, 18, 32, 29, 23, 17, 31, 6, 9, 15, 4, 25, 28, 26, 14, 11, 19, 27, 13, 30, 5, 8, 1, 7] with 0 clashes
Execution Time: 5.812464475631714 seconds

Run 17:
Solution: [23, 8, 6, 4, 14, 5, 15, 27, 20, 2, 28, 22, 18, 7, 29, 1, 30, 9, 21, 3, 16, 19, 10, 31, 26, 24, 11, 32, 25, 12, 17, 13] with 0 clashes
Execution Time: 3.8074114322662354 seconds

Run 18:
Solution: [16, 14, 9, 24, 22, 32, 11, 15, 2, 20, 29, 3, 26, 8, 18, 30, 4, 6, 1, 28, 10, 12, 19, 21, 25, 27, 5, 7, 31, 13, 23, 17] with 0 clashes
Execution Time: 5.281979084014893 seconds

Run 19:
Solution: [22, 19, 28, 6, 21, 5, 18, 12, 9, 20, 25, 3, 32, 15, 2, 11, 26, 31, 16, 8, 27, 29, 1, 17, 30, 24, 13, 4, 10, 7, 23, 14] with 0 clashes
Execution Time: 7.621153354644775 seconds

Run 20:
Solution: [17, 9, 27, 24, 28, 7, 13, 2, 18, 6, 29, 14, 30, 25, 10, 26, 31, 16, 3, 11, 20, 1, 23, 32, 22, 12, 5, 8, 21, 15, 4, 19] with 0 clashes
Execution Time: 3.582106828689575 seconds

Run 21:
Solution: [9, 7, 28, 20, 15, 23, 19, 10, 24, 6, 29, 2, 14, 27, 8, 5, 21, 12, 18, 31, 13, 3, 30, 22, 25, 32, 1, 4, 26, 17, 11, 16] with 0 clashes
Execution Time: 6.256315469741821 seconds

Run 22:
Solution: [24, 6, 25, 16, 11, 32, 22, 28, 12, 27, 21, 5, 14, 30, 20, 2, 13, 8, 4, 29, 19, 9, 31, 15, 17, 26, 7, 23, 3, 18, 10, 1] with 1 clashes
Execution Time: 28.31090998649597 seconds

Run 23:
Solution: [21, 15, 12, 8, 1, 27, 23, 19, 10, 13, 18, 4, 7, 14, 30, 9, 25, 20, 31, 26, 3, 32, 28, 17, 11, 5, 22, 9, 6, 29, 16, 2] with 2 clashes
Execution Time: 27.9371440410614 seconds

Run 24:
Solution: [23, 13, 10, 25, 32, 12, 27, 22, 14, 20, 24, 9, 28, 18, 2, 11, 29, 26, 3, 6, 4, 31, 8, 15, 17, 19, 16, 5, 7, 1, 21, 30] with 2 clashes
Execution Time: 25.595272064208984 seconds

Run 25:
Solution: [17, 27, 11, 3, 5, 26, 24, 13, 15, 31, 9, 14, 10, 28, 25, 23, 21, 19, 6, 32, 30, 8, 12, 20, 2, 29, 22, 18, 7, 4, 16, 1] with 0 clashes
Execution Time: 5.898391962051392 seconds

Run 26:
Solution: [13, 19, 24, 27, 20, 4, 2, 15, 8, 26, 29, 12, 6, 28, 18, 25, 3, 10, 7, 31, 23, 16, 14, 11, 22, 30, 32, 1, 5, 9, 21, 17] with 0 clashes
Execution Time: 5.110085964202881 seconds

Run 27:
Solution: [21, 28, 18, 1, 8, 30, 3, 27, 16, 4, 23, 20, 5, 12, 26, 29, 6, 13, 19, 22, 7, 31, 10, 15, 24, 11, 2, 32, 17, 14, 9, 25] with 0 clashes
Execution Time: 2.9471652507781982 seconds

Run 28:
Solution: [8, 15, 17, 27, 2, 26, 21, 25, 9, 16, 10, 4, 14, 5, 30, 20, 7, 29, 31, 28, 19, 1, 6, 18, 13, 11, 22, 24, 32, 23, 12, 3] with 1 clashes
Execution Time: 25.450440168380737 seconds

Run 29:
Solution: [17, 11, 14, 22, 24, 31, 28, 20, 23, 1, 3, 15, 30, 7, 9, 6, 25, 5, 21, 18, 10, 19, 2, 29, 26, 8, 12, 32, 4, 16, 27, 13] with 0 clashes
Execution Time: 5.043095588684082 seconds

Run 30:
Solution: [23, 9, 7, 10, 21, 30, 16, 27, 12, 31, 1, 8, 4, 11, 25, 15, 28, 32, 13, 18, 22, 24, 6, 29, 3, 26, 20, 2, 5, 14, 17, 19] with 0 clashes
Execution Time: 4.664344310760498 seconds

Run 31:
Solution: [32, 9, 12, 15, 25, 4, 6, 29, 26, 16, 21, 30, 5, 10, 2, 24, 19, 11, 22, 14, 18, 23, 8, 1, 3, 31, 17, 28, 20, 13, 7, 27] with 0 clashes
Execution Time: 24.977465629577637 seconds

Run 32:
Solution: [18, 23, 21, 4, 6, 28, 9, 12, 3, 8, 31, 20, 27, 29, 7, 5, 22, 11, 25, 10, 17, 32, 14, 2, 24, 1, 30, 13, 26, 16, 19, 15] with 0 clashes
Execution Time: 2.796421766281128 seconds

Run 33:
Solution: [13, 18, 5, 23, 20, 29, 8, 4, 22, 19, 32, 11, 21, 24, 1, 6, 15, 12, 14, 31, 27, 25, 3, 28, 17, 2, 9, 16, 26, 30, 10, 7] with 0 clashes
Execution Time: 20.003100395202637 seconds

Run 34:
Solution: [22, 11, 14, 18, 3, 32, 7, 1, 19, 29, 15, 24, 30, 17, 4, 21, 16, 31, 25, 28, 9, 5, 2, 8, 10, 20, 13, 6, 26, 12, 23, 27] with 0 clashes
Execution Time: 5.847942590713501 seconds

Run 35:
Solution: [29, 9, 13, 18, 3, 6, 32, 19, 14, 25, 30, 16, 21, 17, 27, 8, 23, 2, 10, 1, 11, 31, 20, 12, 26, 28, 22, 24, 4, 15, 7, 5] with 0 clashes
Execution Time: 7.829970121383667 seconds

Run 36:
Solution: [29, 7, 12, 16, 19, 6, 26, 14, 25, 31, 10, 5, 4, 9, 30, 27, 1, 28, 17, 22, 18, 3, 8, 13, 32, 2, 23, 20, 11, 24, 21, 15] with 1 clashes
Execution Time: 25.44356369972229 seconds

Run 37:
Solution: [16, 10, 32, 18, 3, 26, 11, 1, 31, 28, 14, 17, 13, 20, 24, 5, 2, 19, 30, 4, 7, 9, 25, 6, 8, 21, 15, 22, 27, 29, 23, 12] with 1 clashes
Execution Time: 25.410691022872925 seconds

Run 38:
Solution: [9, 26, 18, 27, 19, 23, 11, 24, 31, 20, 30, 21, 10, 12, 4, 17, 29, 1, 3, 5, 32, 16, 22, 15, 2, 28, 7, 14, 8, 6, 13, 25] with 2 clashes
Execution Time: 25.19830322265625 seconds

Run 39:
Solution: [26, 6, 4, 12, 20, 16, 14, 25, 22, 2, 23, 7, 27, 30, 11, 13, 1, 17, 5, 3, 24, 10, 32, 18, 31, 28, 9, 15, 19, 8, 29, 21] with 0 clashes
Execution Time: 5.491398572921753 seconds

Run 40:
Solution: [8, 12, 4, 2, 11, 5, 27, 31, 17, 22, 20, 18, 15, 9, 28, 6, 32, 3, 10, 7, 29, 19, 1, 24, 30, 21, 13, 16, 23, 26, 14, 25] with 3 clashes
Execution Time: 25.344504833221436 seconds

Run 41:
Solution: [24, 20, 6, 13, 21, 8, 3, 23, 4, 14, 19, 22, 5, 27, 12, 30, 28, 17, 25, 32, 2, 15, 10, 31, 11, 16, 1, 29, 18, 9, 7, 26] with 0 clashes
Execution Time: 12.860372066497803 seconds

Run 42:
Solution: [20, 10, 16, 25, 6, 26, 17, 15, 18, 32, 11, 2, 31, 1, 3, 22, 28, 21, 14, 5, 7, 13, 27, 29, 23, 8, 24, 30, 12, 19, 9, 4] with 0 clashes
Execution Time: 20.1039080619812 seconds

Run 43:
Solution: [16, 21, 13, 31, 22, 12, 15, 5, 2, 32, 23, 3, 17, 25, 4, 30, 19, 10, 28, 18, 24, 27, 8, 20, 26, 6, 14, 1, 29, 7, 9, 11] with 0 clashes
Execution Time: 24.238111972808838 seconds

Run 44:
Solution: [18, 15, 28, 12, 8, 24, 2, 10, 14, 30, 21, 13, 20, 1, 26, 5, 32, 27, 31, 6, 17, 22, 11, 4, 23, 16, 19, 9, 7, 29, 25, 3] with 0 clashes
Execution Time: 19.978692531585693 seconds

Run 45:
Solution: [16, 14, 9, 11, 32, 17, 31, 6, 22, 26, 2, 12, 8, 4, 25, 18, 3, 23, 13, 24, 5, 30, 20, 27, 10, 7, 28, 21, 1, 29, 19, 15] with 0 clashes
Execution Time: 19.405456066131592 seconds

Run 46:
Solution: [27, 16, 11, 22, 4, 10, 30, 21, 18, 5, 28, 23, 7, 26, 15, 31, 6, 1, 29, 25, 12, 3, 20, 14, 32, 24, 19, 8, 2, 17, 13, 9] with 1 clashes
Execution Time: 25.52255892753601 seconds

Run 47:
Solution: [9, 18, 10, 27, 19, 24, 7, 30, 2, 12, 16, 4, 26, 11, 32, 20, 23, 5, 29, 1, 22, 31, 6, 8, 21, 15, 25, 14, 28, 3, 13, 17] with 0 clashes
Execution Time: 16.979640245437622 seconds

Run 48:
Solution: [20, 18, 10, 22, 7, 31, 15, 23, 14, 9, 24, 2, 5, 3, 32, 16, 28, 21, 29, 8, 25, 19, 17, 30, 11, 27, 6, 1, 13, 4, 26, 12] with 0 clashes
Execution Time: 3.8966188430786133 seconds

Run 49:
Solution: [13, 32, 12, 24, 19, 10, 29, 1, 20, 16, 14, 30, 18, 31, 5, 7, 2, 28, 3, 21, 17, 11, 4, 6, 22, 9, 26, 15, 27, 25, 23, 8] with 0 clashes
Execution Time: 13.566346883773804 seconds

Run 50:
Solution: [25, 14, 11, 4, 24, 13, 17, 3, 30, 28, 31, 15, 7, 29, 20, 12, 19, 32, 6, 1, 10, 26, 21, 8, 22, 27, 18, 2, 5, 16, 23, 9] with 0 clashes
Execution Time: 9.879356384277344 seconds

Run 51:
Solution: [22, 10, 19, 4, 11, 7, 20, 32, 21, 25, 18, 3, 12, 31, 26, 1, 27, 2, 13, 8, 30, 9, 16, 14, 17, 29, 23, 5, 24, 6, 28, 15] with 0 clashes
Execution Time: 13.008283376693726 seconds

Run 52:
Solution: [26, 15, 13, 1, 10, 18, 23, 12, 24, 3, 28, 19, 27, 4, 6, 22, 5, 29, 17, 9, 2, 21, 31, 8, 20, 11, 14, 7, 30, 16, 25, 32] with 0 clashes
Execution Time: 14.29625654220581 seconds

Run 53:
Solution: [11, 22, 5, 28, 23, 15, 19, 7, 14, 25, 8, 13, 17, 6, 31, 24, 1, 18, 32, 9, 27, 20, 30, 3, 16, 29, 10, 21, 4, 26, 12, 2] with 0 clashes
Execution Time: 23.043490171432495 seconds

Run 54:
Solution: [19, 6, 3, 14, 32, 20, 22, 25, 5, 2, 17, 10, 26, 1, 9, 28, 18, 13, 30, 27, 29, 24, 7, 21, 15, 31, 16, 4, 12, 8, 11, 23] with 0 clashes
Execution Time: 3.7075226306915283 seconds

Run 55:
Solution: [11, 17, 23, 16, 28, 24, 9, 13, 26, 8, 2, 15, 29, 27, 22, 6, 21, 5, 20, 12, 7, 3, 31, 19, 25, 32, 4, 1, 18, 10, 30, 14] with 0 clashes
Execution Time: 10.989165782928467 seconds

Run 56:
Solution: [8, 24, 5, 27, 29, 10, 16, 22, 15, 7, 4, 25, 28, 32, 23, 19, 2, 30, 6, 31, 1, 14, 9, 20, 3, 17, 26, 11, 18, 12, 21, 13] with 0 clashes
Execution Time: 10.5644052028656 seconds

Run 57:
Solution: [19, 24, 15, 5, 9, 1, 30, 23, 16, 13, 21, 4, 27, 7, 32, 14, 26, 17, 25, 28, 8, 2, 11, 18, 3, 31, 6, 10, 12, 20, 22, 29] with 0 clashes
Execution Time: 2.595362663269043 seconds

Run 58:
Solution: [24, 27, 5, 19, 23, 13, 11, 29, 31, 1, 10, 8, 2, 17, 26, 14, 9, 6, 3, 28, 15, 22, 20, 25, 30, 32, 12, 7, 16, 4, 21, 18] with 0 clashes
Execution Time: 11.301560163497925 seconds

Run 59:
Solution: [15, 19, 10, 13, 23, 21, 32, 28, 5, 12, 24, 22, 29, 1, 26, 9, 18, 30, 7, 3, 11, 2, 20, 16, 6, 4, 27, 17, 8, 14, 25, 31] with 1 clashes
Execution Time: 25.419002056121826 seconds

Run 60:
Solution: [7, 1, 17, 9, 31, 16, 23, 29, 10, 28, 24, 14, 11, 19, 3, 25, 32, 26, 2, 20, 6, 12, 5, 15, 18, 30, 21, 4, 13, 22, 8, 27] with 2 clashes
Execution Time: 25.575838327407837 seconds

Run 61:
Solution: [12, 18, 16, 10, 27, 6, 2, 23, 19, 7, 32, 26, 21, 13, 11, 25, 20, 5, 3, 1, 4, 8, 28, 22, 14, 30, 15, 29, 31, 24, 9, 17] with 0 clashes
Execution Time: 5.166713237762451 seconds

Run 62:
Solution: [27, 29, 15, 17, 20, 4, 6, 25, 14, 30, 5, 8, 32, 22, 2, 26, 18, 21, 28, 9, 13, 19, 7, 3, 1, 11, 31, 10, 24, 16, 12, 23] with 0 clashes
Execution Time: 23.284891843795776 seconds

Run 63:
Solution: [24, 28, 3, 19, 23, 8, 10, 30, 1, 17, 2, 25, 11, 7, 26, 6, 16, 13, 31, 14, 22, 27, 32, 21, 29, 9, 5, 12, 15, 18, 20, 4] with 0 clashes
Execution Time: 5.647175073623657 seconds

Run 64:
Solution: [3, 14, 10, 15, 24, 31, 25, 12, 17, 26, 20, 9, 27, 1, 32, 11, 7, 23, 4, 30, 21, 6, 16, 22, 8, 29, 18, 2, 5, 19, 13, 28] with 0 clashes
Execution Time: 25.09947896003723 seconds

Run 65:
Solution: [24, 17, 29, 32, 16, 12, 26, 8, 31, 2, 13, 10, 1, 3, 19, 25, 30, 21, 27, 7, 22, 15, 5, 20, 4, 9, 18, 14, 23, 11, 28, 6] with 1 clashes
Execution Time: 25.189460277557373 seconds

Run 66:
Solution: [5, 12, 10, 22, 19, 23, 28, 8, 11, 30, 4, 24, 14, 29, 31, 6, 25, 21, 13, 17, 2, 9, 18, 1, 3, 32, 7, 27, 15, 26, 20, 16] with 0 clashes
Execution Time: 2.580537796020508 seconds

Run 67:
Solution: [14, 12, 19, 31, 11, 17, 32, 9, 1, 30, 20, 7, 15, 22, 6, 13, 3, 8, 24, 4, 25, 29, 21, 18, 2, 26, 10, 27, 5, 23, 16, 28] with 0 clashes
Execution Time: 6.707467317581177 seconds

Run 68:
Solution: [31, 11, 23, 20, 30, 13, 10, 19, 24, 6, 1, 25, 15, 26, 7, 9, 4, 28, 17, 32, 29, 21, 18, 5, 22, 27, 12, 14, 2, 8, 3, 16] with 1 clashes
Execution Time: 25.353806495666504 seconds

Run 69:
Solution: [21, 31, 24, 6, 18, 14, 29, 5, 23, 27, 15, 2, 4, 7, 30, 12, 22, 1, 28, 20, 32, 16, 8, 19, 9, 25, 3, 26, 17, 11, 13, 10] with 0 clashes
Execution Time: 2.822725296020508 seconds

Run 70:
Solution: [12, 19, 31, 16, 5, 11, 30, 22, 7, 13, 20, 3, 28, 32, 10, 2, 18, 1, 9, 4, 15, 29, 27, 23, 17, 6, 21, 25, 14, 26, 24, 8] with 1 clashes
Execution Time: 25.38796639442444 seconds

Run 71:
Solution: [12, 28, 19, 22, 14, 4, 26, 9, 16, 30, 21, 8, 3, 7, 29, 31, 17, 6, 24, 11, 15, 1, 25, 5, 20, 2, 10, 13, 32, 27, 23, 18] with 0 clashes
Execution Time: 3.7984633445739746 seconds

Run 72:
Solution: [20, 3, 31, 21, 14, 6, 23, 15, 5, 12, 32, 30, 18, 4, 25, 1, 28, 11, 8, 24, 7, 19, 29, 27, 13, 9, 22, 26, 10, 17, 2, 16] with 0 clashes
Execution Time: 16.07685112953186 seconds

Run 73:
Solution: [15, 9, 25, 2, 17, 26, 16, 18, 28, 31, 22, 30, 21, 1, 4, 13, 10, 6, 20, 5, 24, 14, 27, 29, 19, 32, 3, 7, 11, 8, 12, 23] with 0 clashes
Execution Time: 3.8162128925323486 seconds

Run 74:
Solution: [15, 17, 29, 16, 13, 25, 30, 9, 12, 26, 32, 3, 1, 14, 8, 23, 28, 4, 21, 5, 31, 2, 7, 18, 22, 24, 6, 10, 19, 11, 20, 27] with 0 clashes
Execution Time: 6.166287899017334 seconds

Run 75:
Solution: [11, 18, 16, 21, 17, 15, 9, 3, 23, 4, 30, 32, 24, 13, 19, 22, 6, 8, 10, 25, 28, 2, 20, 12, 26, 7, 27, 31, 1, 5, 29, 14] with 0 clashes
Execution Time: 8.703495740890503 seconds

Run 76:
Solution: [8, 23, 18, 16, 24, 4, 29, 10, 26, 20, 12, 1, 3, 30, 2, 27, 14, 31, 13, 25, 21, 5, 32, 17, 28, 22, 7, 19, 11, 9, 15, 6] with 0 clashes
Execution Time: 3.6604106426239014 seconds

Run 77:
Solution: [9, 12, 19, 24, 14, 18, 1, 27, 6, 15, 7, 25, 8, 32, 29, 22, 16, 5, 21, 23, 28, 4, 11, 3, 17, 26, 2, 13, 10, 31, 20, 30] with 0 clashes
Execution Time: 11.593440771102905 seconds

Run 78:
Solution: [15, 17, 20, 3, 12, 30, 4, 26, 29, 22, 13, 18, 7, 25, 10, 6, 9, 19, 28, 8, 24, 5, 23, 11, 16, 31, 2, 32, 14, 1, 27, 21] with 0 clashes
Execution Time: 14.547852516174316 seconds

Run 79:
Solution: [26, 21, 18, 25, 19, 3, 9, 30, 13, 4, 7, 5, 20, 12, 16, 29, 27, 2, 22, 31, 11, 17, 32, 24, 10, 8, 1, 14, 28, 6, 23, 15] with 0 clashes
Execution Time: 5.703293085098267 seconds

Run 80:
Solution: [9, 23, 15, 11, 31, 20, 2, 8, 29, 12, 1, 21, 17, 32, 25, 4, 22, 19, 30, 14, 7, 13, 6, 27, 18, 24, 5, 3, 28, 26, 10, 16] with 0 clashes
Execution Time: 9.916576385498047 seconds

Run 81:
Solution: [21, 19, 14, 29, 26, 22, 7, 11, 6, 32, 16, 24, 5, 15, 8, 31, 23, 27, 1, 18, 28, 30, 9, 20, 12, 17, 3, 13, 10, 25, 4, 2] with 0 clashes
Execution Time: 8.318259716033936 seconds

Run 82:
Solution: [23, 4, 1, 31, 18, 10, 2, 26, 12, 20, 22, 3, 27, 13, 5, 21, 9, 25, 28, 8, 29, 16, 6, 30, 32, 19, 24, 14, 7, 11, 15, 17] with 1 clashes
Execution Time: 25.443440914154053 seconds

Run 83:
Solution: [6, 3, 27, 25, 17, 32, 20, 1, 15, 10, 29, 21, 30, 11, 26, 7, 2, 16, 13, 22, 28, 4, 31, 23, 14, 9, 19, 24, 8, 18, 5, 12] with 0 clashes
Execution Time: 4.5501744747161865 seconds

Run 84:
Solution: [28, 22, 20, 14, 8, 13, 26, 23, 2, 10, 17, 24, 1, 16, 6, 11, 31, 29, 3, 25, 4, 21, 19, 32, 15, 12, 5, 7, 30, 27, 18, 9] with 0 clashes
Execution Time: 5.4255969524383545 seconds

Run 85:
Solution: [5, 22, 16, 14, 21, 27, 32, 30, 7, 4, 6, 19, 28, 20, 29, 9, 3, 17, 11, 8, 1, 23, 31, 13, 25, 10, 2, 24, 26, 12, 18, 15] with 0 clashes
Execution Time: 4.990124940872192 seconds

Run 86:
Solution: [26, 12, 8, 25, 3, 14, 18, 30, 22, 13, 5, 1, 4, 10, 31, 28, 17, 32, 21, 6, 27, 19, 7, 23, 29, 16, 9, 11, 24, 15, 2, 20] with 0 clashes
Execution Time: 3.6181344985961914 seconds

Run 87:
Solution: [16, 11, 4, 18, 24, 14, 5, 25, 32, 6, 17, 28, 31, 21, 9, 15, 10, 20, 30, 3, 13, 26, 23, 1, 7, 29, 12, 2, 8, 27, 22, 19] with 0 clashes
Execution Time: 11.392938137054443 seconds

Run 88:
Solution: [16, 20, 24, 11, 15, 12, 3, 27, 22, 1, 10, 26, 13, 9, 19, 25, 29, 6, 21, 5, 8, 23, 7, 32, 18, 31, 17, 14, 4, 2, 28, 30] with 0 clashes
Execution Time: 4.678075075149536 seconds

Run 89:
Solution: [19, 24, 13, 3, 9, 12, 28, 15, 32, 5, 23, 20, 26, 7, 4, 21, 31, 10, 6, 16, 30, 22, 17, 25, 27, 29, 18, 14, 1, 8, 2, 11] with 0 clashes
Execution Time: 4.761052131652832 seconds

Run 90:
Solution: [22, 12, 16, 11, 19, 6, 9, 14, 20, 30, 26, 24, 7, 3, 31, 2, 8, 21, 18, 29, 13, 4, 27, 32, 10, 5, 17, 15, 25, 23, 28, 1] with 1 clashes
Execution Time: 25.405733346939087 seconds

Run 91:
Solution: [13, 15, 23, 6, 8, 1, 12, 14, 24, 26, 18, 30, 17, 31, 25, 27, 10, 7, 2, 4, 29, 19, 9, 22, 3, 11, 28, 16, 20, 5, 21, 32] with 0 clashes
Execution Time: 9.728147506713867 seconds

Run 92:
Solution: [10, 23, 21, 18, 12, 3, 19, 13, 22, 6, 2, 27, 30, 15, 26, 16, 11, 1, 29, 7, 14, 25, 31, 28, 20, 24, 17, 5, 8, 32, 9, 4] with 0 clashes
Execution Time: 5.463224411010742 seconds

Run 93:
Solution: [9, 21, 13, 1, 32, 5, 11, 25, 22, 16, 13, 30, 4, 14, 20, 6, 26, 29, 17, 7, 31, 23, 2, 8, 28, 3, 19, 10, 12, 18, 24, 27] with 2 clashes
Execution Time: 25.43970823287964 seconds

Run 94:
Solution: [5, 16, 27, 29, 26, 17, 15, 1, 28, 22, 14, 8, 23, 12, 20, 31, 2, 4, 10, 7, 3, 6, 32, 25, 13, 18, 24, 30, 19, 9, 11, 21] with 1 clashes
Execution Time: 24.91633701324463 seconds

Run 95:
Solution: [19, 30, 22, 14, 1, 18, 15, 32, 29, 23, 8, 5, 2, 28, 31, 20, 9, 13, 10, 27, 7, 21, 25, 11, 26, 24, 3, 16, 12, 4, 6, 17] with 0 clashes
Execution Time: 3.7355387210845947 seconds

Run 96:
Solution: [6, 10, 7, 31, 21, 23, 26, 28, 2, 12, 14, 8, 27, 3, 15, 11, 1, 30, 20, 18, 13, 19, 29, 4, 32, 25, 5, 9, 16, 24, 22, 17] with 0 clashes
Execution Time: 24.366718530654907 seconds

Run 97:
Solution: [19, 12, 6, 29, 11, 2, 16, 23, 26, 24, 13, 1, 5, 22, 14, 27, 15, 8, 20, 32, 4, 9, 30, 3, 25, 31, 18, 21, 17, 7, 28, 10] with 1 clashes
Execution Time: 26.53871774673462 seconds

Run 98:
Solution: [9, 18, 5, 32, 16, 12, 10, 26, 24, 31, 20, 4, 1, 14, 22, 29, 21, 11, 6, 30, 2, 13, 3, 8, 15, 27, 25, 23, 28, 19, 17, 7] with 0 clashes
Execution Time: 9.550163269042969 seconds

Run 99:
Solution: [24, 16, 8, 17, 11, 28, 5, 10, 29, 22, 6, 12, 31, 1, 18, 23, 14, 27, 3, 30, 25, 15, 19, 4, 2, 9, 26, 13, 7, 21, 32, 20] with 1 clashes
Execution Time: 27.85195755958557 seconds

Run 100:
Solution: [9, 13, 25, 7, 20, 30, 19, 12, 4, 27, 24, 21, 11, 3, 6, 22, 14, 1, 29, 10, 26, 18, 16, 31, 2, 8, 5, 28, 23, 32, 15, 17] with 0 clashes
Execution Time: 13.687188625335693 seconds

